"";"Kreis";"AG_rki";"ges";"m";"w"
"1";1001;1;4399;2294;2105
"2";1001;2;7573;3860;3713
"3";1001;3;27036;14137;12899
"4";1001;4;27783;14177;13606
"5";1001;5;17810;8289;9521
"6";1001;6;5563;2147;3416
"7";1002;1;11333;5779;5554
"8";1002;2;19424;9932;9492
"9";1002;3;76854;38537;38317
"10";1002;4;79062;39324;39738
"11";1002;5;45970;21460;24510
"12";1002;6;14151;5166;8985
"13";1003;1;9419;4866;4553
"14";1003;2;17818;9126;8692
"15";1003;3;52653;26839;25814
"16";1003;4;72503;35582;36921
"17";1003;5;47637;21574;26063
"18";1003;6;16500;6045;10455
"19";1004;1;3613;1890;1723
"20";1004;2;7239;3730;3509
"21";1004;3;19242;10137;9105
"22";1004;4;26839;13591;13248
"23";1004;5;17452;8188;9264
"24";1004;6;5811;2187;3624
"25";1051;1;5371;2727;2644
"26";1051;2;11593;5923;5670
"27";1051;3;27964;14657;13307
"28";1051;4;45170;22409;22761
"29";1051;5;33194;16049;17145
"30";1051;6;9901;3953;5948
"31";1053;1;9511;4851;4660
"32";1053;2;18856;9721;9135
"33";1053;3;39697;20668;19029
"34";1053;4;71949;35466;36483
"35";1053;5;43504;20802;22702
"36";1053;6;14502;5657;8845
"37";1054;1;6885;3556;3329
"38";1054;2;13983;7209;6774
"39";1054;3;35866;19030;16836
"40";1054;4;56915;27736;29179
"41";1054;5;40232;19033;21199
"42";1054;6;12070;4722;7348
"43";1055;1;7319;3628;3691
"44";1055;2;16112;8226;7886
"45";1055;3;36449;19016;17433
"46";1055;4;69627;33501;36126
"47";1055;5;54288;25633;28655
"48";1055;6;16744;6685;10059
"49";1056;1;15027;7691;7336
"50";1056;2;29695;15158;14537
"51";1056;3;65688;34310;31378
"52";1056;4;115041;56964;58077
"53";1056;5;68482;32217;36265
"54";1056;6;22170;8783;13387
"55";1057;1;5328;2737;2591
"56";1057;2;11328;5683;5645
"57";1057;3;23498;12228;11270
"58";1057;4;45203;21963;23240
"59";1057;5;32975;15640;17335
"60";1057;6;10354;4236;6118
"61";1058;1;12070;6192;5878
"62";1058;2;25441;13081;12360
"63";1058;3;54635;28675;25960
"64";1058;4;97822;48022;49800
"65";1058;5;64745;31140;33605
"66";1058;6;19385;7860;11525
"67";1059;1;9257;4833;4424
"68";1059;2;18635;9660;8975
"69";1059;3;40895;21175;19720
"70";1059;4;69967;34670;35297
"71";1059;5;48000;23409;24591
"72";1059;6;14402;5810;8592
"73";1060;1;12765;6504;6261
"74";1060;2;26002;13438;12564
"75";1060;3;58058;30374;27684
"76";1060;4;101333;50705;50628
"77";1060;5;60727;28718;32009
"78";1060;6;18290;7315;10975
"79";1061;1;5697;2855;2842
"80";1061;2;11548;5965;5583
"81";1061;3;27369;14334;13035
"82";1061;4;46997;23402;23595
"83";1061;5;30089;14553;15536
"84";1061;6;9313;3638;5675
"85";1062;1;11243;5795;5448
"86";1062;2;23698;12144;11554
"87";1062;3;46473;24068;22405
"88";1062;4;89884;44155;45729
"89";1062;5;54356;25719;28637
"90";1062;6;18502;7349;11153
"91";2000;1;99947;51184;48763
"92";2000;2;164687;84929;79758
"93";2000;3;494366;247714;246652
"94";2000;4;654050;328014;326036
"95";2000;5;326494;151766;174728
"96";2000;6;107709;40367;67342
"97";3101;1;11212;5627;5585
"98";3101;2;19461;9960;9501
"99";3101;3;68786;36647;32139
"100";3101;4;82632;41978;40654
"101";3101;5;49872;23057;26815
"102";3101;6;17443;6361;11082
"103";3102;1;5727;2958;2769
"104";3102;2;10189;5334;4855
"105";3102;3;23669;12554;11115
"106";3102;4;33815;17101;16714
"107";3102;5;23204;10962;12242
"108";3102;6;7687;2922;4765
"109";3103;1;6605;3371;3234
"110";3103;2;11008;5767;5241
"111";3103;3;29020;15386;13634
"112";3103;4;42193;21522;20671
"113";3103;5;25910;12079;13831
"114";3103;6;9635;3848;5787
"115";3151;1;9311;4777;4534
"116";3151;2;17128;8742;8386
"117";3151;3;37609;19801;17808
"118";3151;4;63995;32179;31816
"119";3151;5;37856;18589;19267
"120";3151;6;10624;4207;6417
"121";3153;1;4935;2541;2394
"122";3153;2;10024;5165;4859
"123";3153;3;28691;15815;12876
"124";3153;4;45175;22665;22510
"125";3153;5;35145;16785;18360
"126";3153;6;12322;4628;7694
"127";3154;1;4219;2168;2051
"128";3154;2;7850;4012;3838
"129";3154;3;18456;9664;8792
"130";3154;4;32386;16381;16005
"131";3154;5;21443;10474;10969
"132";3154;6;6943;2574;4369
"133";3155;1;5405;2759;2646
"134";3155;2;10956;5585;5371
"135";3155;3;26279;13866;12413
"136";3155;4;45402;22536;22866
"137";3155;5;33018;16220;16798
"138";3155;6;11225;4324;6901
"139";3157;1;6658;3387;3271
"140";3157;2;12969;6644;6325
"141";3157;3;28310;14767;13543
"142";3157;4;48660;24396;24264
"143";3157;5;29001;13997;15004
"144";3157;6;9203;3562;5641
"145";3158;1;5160;2626;2534
"146";3158;2;10064;5173;4891
"147";3158;3;24692;13109;11583
"148";3158;4;42362;21055;21307
"149";3158;5;28506;13725;14781
"150";3158;6;8838;3524;5314
"151";3159;1;13863;7104;6759
"152";3159;2;26955;13984;12971
"153";3159;3;81944;42091;39853
"154";3159;4;106238;52375;53863
"155";3159;5;73373;35304;38069
"156";3159;6;23668;9165;14503
"157";3241;1;55818;28585;27233
"158";3241;2;104174;53512;50662
"159";3241;3;279960;144053;135907
"160";3241;4;398418;198529;199889
"161";3241;5;238683;111424;127259
"162";3241;6;80062;30523;49539
"163";3251;1;9915;5106;4809
"164";3251;2;19867;10253;9614
"165";3251;3;45489;23888;21601
"166";3251;4;77329;38672;38657
"167";3251;5;49078;23896;25182
"168";3251;6;15411;6061;9350
"169";3252;1;6537;3323;3214
"170";3252;2;12879;6546;6333
"171";3252;3;29863;15392;14471
"172";3252;4;50422;24918;25504
"173";3252;5;36036;16946;19090
"174";3252;6;12812;4755;8057
"175";3254;1;11886;6111;5775
"176";3254;2;23307;11941;11366
"177";3254;3;62084;31597;30487
"178";3254;4;94392;47061;47331
"179";3254;5;62952;29862;33090
"180";3254;6;21196;7975;13221
"181";3255;1;2885;1477;1408
"182";3255;2;5720;2935;2785
"183";3255;3;14423;7739;6684
"184";3255;4;23397;11727;11670
"185";3255;5;17712;8556;9156
"186";3255;6;6321;2477;3844
"187";3256;1;5522;2732;2790
"188";3256;2;11210;5629;5581
"189";3256;3;26066;13866;12200
"190";3256;4;42260;21392;20868
"191";3256;5;27497;13384;14113
"192";3256;6;8835;3296;5539
"193";3257;1;6759;3432;3327
"194";3257;2;13367;6809;6558
"195";3257;3;32027;16681;15346
"196";3257;4;55314;27669;27645
"197";3257;5;37519;17951;19568
"198";3257;6;12834;4724;8110
"199";3351;1;8469;4360;4109
"200";3351;2;16919;8629;8290
"201";3351;3;38066;19793;18273
"202";3351;4;60811;30363;30448
"203";3351;5;41817;20009;21808
"204";3351;6;12929;4947;7982
"205";3352;1;8580;4453;4127
"206";3352;2;17614;9153;8461
"207";3352;3;38789;20100;18689
"208";3352;4;67815;33317;34498
"209";3352;5;50096;24013;26083
"210";3352;6;15144;5831;9313
"211";3353;1;12188;6384;5804
"212";3353;2;24198;12406;11792
"213";3353;3;50774;26947;23827
"214";3353;4;93315;45738;47577
"215";3353;5;56616;26922;29694
"216";3353;6;17340;6976;10364
"217";3354;1;1875;951;924
"218";3354;2;4029;2126;1903
"219";3354;3;8803;4681;4122
"220";3354;4;16179;7970;8209
"221";3354;5;13310;6421;6889
"222";3354;6;4216;1634;2582
"223";3355;1;8614;4423;4191
"224";3355;2;17395;8879;8516
"225";3355;3;43029;21866;21163
"226";3355;4;65858;32247;33611
"227";3355;5;38028;18152;19876
"228";3355;6;11215;4236;6979
"229";3356;1;5327;2723;2604
"230";3356;2;10442;5407;5035
"231";3356;3;21931;11423;10508
"232";3356;4;41192;20267;20925
"233";3356;5;27174;12978;14196
"234";3356;6;7862;3128;4734
"235";3357;1;7510;3868;3642
"236";3357;2;14971;7725;7246
"237";3357;3;36921;19807;17114
"238";3357;4;57882;29140;28742
"239";3357;5;36020;17658;18362
"240";3357;6;10478;4119;6359
"241";3358;1;6503;3381;3122
"242";3358;2;12957;6765;6192
"243";3358;3;31331;16933;14398
"244";3358;4;48329;24094;24235
"245";3358;5;31388;15146;16242
"246";3358;6;10165;3932;6233
"247";3359;1;10179;5345;4834
"248";3359;2;19478;10114;9364
"249";3359;3;45521;23818;21703
"250";3359;4;71739;36054;35685
"251";3359;5;44626;21363;23263
"252";3359;6;12969;5137;7832
"253";3360;1;3644;1854;1790
"254";3360;2;7676;3938;3738
"255";3360;3;18625;9695;8930
"256";3360;4;31806;15732;16074
"257";3360;5;22845;10887;11958
"258";3360;6;7793;3031;4762
"259";3361;1;6878;3476;3402
"260";3361;2;13154;6680;6474
"261";3361;3;28907;15045;13862
"262";3361;4;47695;23442;24253
"263";3361;5;31395;15099;16296
"264";3361;6;9104;3557;5547
"265";3401;1;4223;2136;2087
"266";3401;2;7166;3728;3438
"267";3401;3;17987;9407;8580
"268";3401;4;26079;13036;13043
"269";3401;5;17032;7964;9068
"270";3401;6;5072;2042;3030
"271";3402;1;2394;1249;1145
"272";3402;2;4447;2332;2115
"273";3402;3;12689;6646;6043
"274";3402;4;16541;8379;8162
"275";3402;5;10626;5056;5570
"276";3402;6;3216;1222;1994
"277";3403;1;7553;3804;3749
"278";3403;2;14070;7138;6932
"279";3403;3;48935;24199;24736
"280";3403;4;55940;27024;28916
"281";3403;5;32838;15227;17611
"282";3403;6;9741;3627;6114
"283";3404;1;7434;3763;3671
"284";3404;2;13346;6843;6503
"285";3404;3;51939;25775;26164
"286";3404;4;52270;26003;26267
"287";3404;5;30014;13847;16167
"288";3404;6;10248;3650;6598
"289";3405;1;3290;1654;1636
"290";3405;2;5940;3051;2889
"291";3405;3;18788;10119;8669
"292";3405;4;23244;11575;11669
"293";3405;5;18471;8585;9886
"294";3405;6;6356;2460;3896
"295";3451;1;5884;2995;2889
"296";3451;2;11657;5976;5681
"297";3451;3;26151;13384;12767
"298";3451;4;43596;21335;22261
"299";3451;5;28859;13722;15137
"300";3451;6;8712;3494;5218
"301";3452;1;8360;4332;4028
"302";3452;2;16935;8809;8126
"303";3452;3;40921;21354;19567
"304";3452;4;65471;32271;33200
"305";3452;5;45999;22019;23980
"306";3452;6;12008;4531;7477
"307";3453;1;9744;4985;4759
"308";3453;2;18429;9507;8922
"309";3453;3;44333;23523;20810
"310";3453;4;59024;30302;28722
"311";3453;5;30392;14878;15514
"312";3453;6;8760;3241;5519
"313";3454;1;16504;8417;8087
"314";3454;2;31862;16413;15449
"315";3454;3;78692;42245;36447
"316";3454;4;114818;59465;55353
"317";3454;5;66804;32769;34035
"318";3454;6;18274;7023;11251
"319";3455;1;4303;2240;2063
"320";3455;2;8381;4344;4037
"321";3455;3;19679;10177;9502
"322";3455;4;33435;16263;17172
"323";3455;5;25066;12043;13023
"324";3455;6;7840;3112;4728
"325";3456;1;6730;3441;3289
"326";3456;2;13570;6975;6595
"327";3456;3;31078;16311;14767
"328";3456;4;48030;24308;23722
"329";3456;5;28991;14198;14793
"330";3456;6;8763;3425;5338
"331";3457;1;8193;4242;3951
"332";3457;2;15855;8079;7776
"333";3457;3;38974;20459;18515
"334";3457;4;59318;30081;29237
"335";3457;5;38002;18333;19669
"336";3457;6;10414;4017;6397
"337";3458;1;6132;3160;2972
"338";3458;2;12195;6281;5914
"339";3458;3;27626;14474;13152
"340";3458;4;47601;23579;24022
"341";3458;5;28779;14009;14770
"342";3458;6;8557;3370;5187
"343";3459;1;17874;9210;8664
"344";3459;2;34571;17908;16663
"345";3459;3;79713;41902;37811
"346";3459;4;125577;62773;62804
"347";3459;5;75943;36763;39180
"348";3459;6;24402;9181;15221
"349";3460;1;7989;4052;3937
"350";3460;2;15154;7824;7330
"351";3460;3;37759;19674;18085
"352";3460;4;49646;25454;24192
"353";3460;5;25069;12381;12688
"354";3460;6;7197;2710;4487
"355";3461;1;3825;1967;1858
"356";3461;2;7635;3992;3643
"357";3461;3;18922;10013;8909
"358";3461;4;30688;15490;15198
"359";3461;5;21077;10432;10645
"360";3461;6;6436;2521;3915
"361";3462;1;2351;1220;1131
"362";3462;2;5068;2638;2430
"363";3462;3;11786;6087;5699
"364";3462;4;19242;9467;9775
"365";3462;5;14381;6910;7471
"366";3462;6;4098;1578;2520
"367";4011;1;28154;14603;13551
"368";4011;2;48458;25085;23373
"369";4011;3;147443;76737;70706
"370";4011;4;189949;96066;93883
"371";4011;5;115516;53840;61676
"372";4011;6;38039;14050;23989
"373";4012;1;5874;3052;2822
"374";4012;2;10757;5572;5185
"375";4012;3;27409;14500;12909
"376";4012;4;36964;19097;17867
"377";4012;5;25156;11665;13491
"378";4012;6;7483;2734;4749
"379";5111;1;31407;16258;15149
"380";5111;2;54091;27709;26382
"381";5111;3;160799;78207;82592
"382";5111;4;220553;111061;109492
"383";5111;5;116000;52690;63310
"384";5111;6;39027;14582;24445
"385";5112;1;25704;13326;12378
"386";5112;2;45924;23714;22210
"387";5112;3;123127;64216;58911
"388";5112;4;169476;85951;83525
"389";5112;5;100250;46946;53304
"390";5112;6;34205;12707;21498
"391";5113;1;29036;14883;14153
"392";5113;2;50838;26158;24680
"393";5113;3;143102;72397;70705
"394";5113;4;194927;97604;97323
"395";5113;5;123094;56852;66242
"396";5113;6;41763;14975;26788
"397";5114;1;10899;5571;5328
"398";5114;2;20397;10634;9763
"399";5114;3;52378;27287;25091
"400";5114;4;78306;38772;39534
"401";5114;5;49357;22701;26656
"402";5114;6;16080;6050;10030
"403";5116;1;12788;6631;6157
"404";5116;2;23297;12005;11292
"405";5116;3;62642;32291;30351
"406";5116;4;89227;44679;44548
"407";5116;5;56164;26551;29613
"408";5116;6;16916;6310;10606
"409";5117;1;8184;4214;3970
"410";5117;2;15035;7732;7303
"411";5117;3;36754;19121;17633
"412";5117;4;58081;28445;29636
"413";5117;5;38863;17695;21168
"414";5117;6;13715;5035;8680
"415";5119;1;10031;5187;4844
"416";5119;2;18347;9351;8996
"417";5119;3;47634;24759;22875
"418";5119;4;72986;36814;36172
"419";5119;5;46894;21975;24919
"420";5119;6;14872;5483;9389
"421";5120;1;5425;2746;2679
"422";5120;2;10212;5195;5017
"423";5120;3;24487;12618;11869
"424";5120;4;38882;19881;19001
"425";5120;5;24388;11493;12895
"426";5120;6;7944;2955;4989
"427";5122;1;7731;3994;3737
"428";5122;2;14679;7561;7118
"429";5122;3;35900;18244;17656
"430";5122;4;55927;27456;28471
"431";5122;5;33421;15717;17704
"432";5122;6;11587;4334;7253
"433";5124;1;17932;9154;8778
"434";5124;2;33177;17064;16113
"435";5124;3;87534;45023;42511
"436";5124;4;119798;60353;59445
"437";5124;5;72645;33629;39016
"438";5124;6;24014;8910;15104
"439";5154;1;14446;7436;7010
"440";5154;2;28151;14538;13613
"441";5154;3;72135;37895;34240
"442";5154;4;110191;55384;54807
"443";5154;5;68028;32865;35163
"444";5154;6;19514;7344;12170
"445";5158;1;22968;11808;11160
"446";5158;2;44405;22625;21780
"447";5158;3;97440;49966;47474
"448";5158;4;170462;83385;87077
"449";5158;5;112046;51542;60504
"450";5158;6;38249;15302;22947
"451";5162;1;22161;11367;10794
"452";5162;2;42858;22111;20747
"453";5162;3;92587;47615;44972
"454";5162;4;162829;79665;83164
"455";5162;5;99678;46349;53329
"456";5162;6;31617;12438;19179
"457";5166;1;13258;6854;6404
"458";5166;2;26214;13344;12870
"459";5166;3;62114;31981;30133
"460";5166;4;108200;53295;54905
"461";5166;5;68231;32313;35918
"462";5166;6;20846;8039;12807
"463";5170;1;20479;10542;9937
"464";5170;2;39478;20315;19163
"465";5170;3;94935;49165;45770
"466";5170;4;160741;78735;82006
"467";5170;5;110351;52198;58153
"468";5170;6;33992;13001;20991
"469";5314;1;16438;8470;7968
"470";5314;2;31471;16322;15149
"471";5314;3;93907;45855;48052
"472";5314;4;109611;53172;56439
"473";5314;5;58559;26493;32066
"474";5314;6;19687;7221;12466
"475";5315;1;54589;27990;26599
"476";5315;2;94151;48461;45690
"477";5315;3;304884;148860;156024
"478";5315;4;385925;193982;191943
"479";5315;5;189843;88093;101750
"480";5315;6;58471;23087;35384
"481";5316;1;8095;4143;3952
"482";5316;2;15314;7948;7366
"483";5316;3;36552;18833;17719
"484";5316;4;57691;28672;29019
"485";5316;5;33721;15432;18289
"486";5316;6;12356;4748;7608
"487";5334;1;24977;12722;12255
"488";5334;2;46282;23917;22365
"489";5334;3;157209;87864;69345
"490";5334;4;178758;89487;89271
"491";5334;5;114037;53707;60330
"492";5334;6;35763;13770;21993
"493";5358;1;12830;6651;6179
"494";5358;2;24024;12519;11505
"495";5358;3;59971;31743;28228
"496";5358;4;91464;45619;45845
"497";5358;5;59258;28246;31012
"498";5358;6;17091;6587;10504
"499";5362;1;23592;12213;11379
"500";5362;2;44331;22799;21532
"501";5362;3;101251;52165;49086
"502";5362;4;168118;82619;85499
"503";5362;5;102674;48087;54587
"504";5362;6;30649;12172;18477
"505";5366;1;9089;4535;4554
"506";5366;2;17540;8981;8559
"507";5366;3;41151;21381;19770
"508";5366;4;68838;34067;34771
"509";5366;5;44303;21585;22718
"510";5366;6;12735;4988;7747
"511";5370;1;12083;6210;5873
"512";5370;2;23267;11987;11280
"513";5370;3;56046;29425;26621
"514";5370;4;91114;45153;45961
"515";5370;5;56584;27401;29183
"516";5370;6;16461;6330;10131
"517";5374;1;13535;6899;6636
"518";5374;2;25660;13080;12580
"519";5374;3;59867;31547;28320
"520";5374;4;94653;46761;47892
"521";5374;5;59256;28272;30984
"522";5374;6;19086;7283;11803
"523";5378;1;12918;6618;6300
"524";5378;2;26096;13545;12551
"525";5378;3;56130;28906;27224
"526";5378;4;101479;49299;52180
"527";5378;5;64708;30253;34455
"528";5378;6;21940;8735;13205
"529";5382;1;28938;15018;13920
"530";5382;2;58044;30183;27861
"531";5382;3;128962;67070;61892
"532";5382;4;212662;103940;108722
"533";5382;5;132402;62198;70204
"534";5382;6;39756;15991;23765
"535";5512;1;5339;2753;2586
"536";5512;2;9894;5133;4761
"537";5512;3;25641;13252;12389
"538";5512;4;41096;20387;20709
"539";5512;5;27259;12726;14533
"540";5512;6;8336;2937;5399
"541";5513;1;13767;7014;6753
"542";5513;2;24945;13017;11928
"543";5513;3;61790;32599;29191
"544";5513;4;87506;44513;42993
"545";5513;5;54559;25948;28611
"546";5513;6;17078;5941;11137
"547";5515;1;14563;7478;7085
"548";5515;2;25218;13118;12100
"549";5515;3;102805;48993;53812
"550";5515;4;100386;49775;50611
"551";5515;5;54039;25134;28905
"552";5515;6;18282;6732;11550
"553";5554;1;19100;9825;9275
"554";5554;2;36759;18770;17989
"555";5554;3;87289;45944;41345
"556";5554;4;131685;66592;65093
"557";5554;5;74191;36003;38188
"558";5554;6;22315;8431;13884
"559";5558;1;10887;5529;5358
"560";5558;2;20530;10635;9895
"561";5558;3;47457;25049;22408
"562";5558;4;78579;38867;39712
"563";5558;5;48837;23449;25388
"564";5558;6;14296;5307;8989
"565";5562;1;28584;14700;13884
"566";5562;2;53577;27669;25908
"567";5562;3;129707;67133;62574
"568";5562;4;213643;105851;107792
"569";5562;5;144275;67715;76560
"570";5562;6;44351;16185;28166
"571";5566;1;22680;11676;11004
"572";5566;2;43576;22527;21049
"573";5566;3;102306;53940;48366
"574";5566;4;158932;79508;79424
"575";5566;5;92016;44436;47580
"576";5566;6;28710;10791;17919
"577";5570;1;13351;6833;6518
"578";5570;2;26624;13728;12896
"579";5570;3;61012;32071;28941
"580";5570;4;97757;48797;48960
"581";5570;5;60028;28686;31342
"582";5570;6;19068;7093;11975
"583";5711;1;16707;8532;8175
"584";5711;2;31171;15957;15214
"585";5711;3;88901;43978;44923
"586";5711;4;110546;54779;55767
"587";5711;5;63728;29319;34409
"588";5711;6;23142;8528;14614
"589";5754;1;18329;9402;8927
"590";5754;2;35402;18222;17180
"591";5754;3;84652;45084;39568
"592";5754;4;130086;65438;64648
"593";5754;5;72857;35080;37777
"594";5754;6;23612;8989;14623
"595";5758;1;11818;6118;5700
"596";5758;2;23348;12018;11330
"597";5758;3;54075;28189;25886
"598";5758;4;87710;43619;44091
"599";5758;5;54386;25975;28411
"600";5758;6;19241;7114;12127
"601";5762;1;6166;3187;2979
"602";5762;2;12860;6611;6249
"603";5762;3;29989;16090;13899
"604";5762;4;48264;24229;24035
"605";5762;5;32446;15814;16632
"606";5762;6;10526;3933;6593
"607";5766;1;17248;8847;8401
"608";5766;2;34180;17587;16593
"609";5766;3;76491;40114;36377
"610";5766;4;116038;57425;58613
"611";5766;5;76864;36408;40456
"612";5766;6;26693;10147;16546
"613";5770;1;15008;7878;7130
"614";5770;2;29765;15254;14511
"615";5770;3;68632;36287;32345
"616";5770;4;105807;52695;53112
"617";5770;5;67878;32314;35564
"618";5770;6;23319;8816;14503
"619";5774;1;15547;8037;7510
"620";5774;2;29333;15033;14300
"621";5774;3;81528;43168;38360
"622";5774;4;104061;52534;51527
"623";5774;5;59912;28826;31086
"624";5774;6;17458;6534;10924
"625";5911;1;16127;8258;7869
"626";5911;2;28786;14999;13787
"627";5911;3;94867;48852;46015
"628";5911;4;119909;59998;59911
"629";5911;5;79358;36714;42644
"630";5911;6;26540;9310;17230
"631";5913;1;28998;14806;14192
"632";5913;2;51619;26181;25438
"633";5913;3;150654;78620;72034
"634";5913;4;198813;99730;99083
"635";5913;5;119232;55407;63825
"636";5913;6;38934;14595;24339
"637";5914;1;9614;4936;4678
"638";5914;2;17625;9088;8537
"639";5914;3;43353;22479;20874
"640";5914;4;63331;31712;31619
"641";5914;5;40934;18931;22003
"642";5914;6;13829;5068;8761
"643";5915;1;8651;4390;4261
"644";5915;2;17253;8881;8372
"645";5915;3;43097;22532;20565
"646";5915;4;61228;30766;30462
"647";5915;5;37810;17614;20196
"648";5915;6;11877;4371;7506
"649";5916;1;7377;3730;3647
"650";5916;2;13641;7058;6583
"651";5916;3;36686;19100;17586
"652";5916;4;53865;27428;26437
"653";5916;5;33855;15661;18194
"654";5916;6;11025;3818;7207
"655";5954;1;14597;7497;7100
"656";5954;2;27013;13858;13155
"657";5954;3;68228;35223;33005
"658";5954;4;112944;55769;57175
"659";5954;5;76719;35802;40917
"660";5954;6;24605;9246;15359
"661";5958;1;11441;5802;5639
"662";5958;2;23056;11921;11135
"663";5958;3;57222;30802;26420
"664";5958;4;90800;45887;44913
"665";5958;5;58301;28257;30044
"666";5958;6;18957;7050;11907
"667";5962;1;19197;9956;9241
"668";5962;2;37341;19252;18089
"669";5962;3;89491;47017;42474
"670";5962;4;143451;71362;72089
"671";5962;5;91502;43258;48244
"672";5962;6;29240;11130;18110
"673";5966;1;6299;3251;3048
"674";5966;2;12378;6524;5854
"675";5966;3;30088;15854;14234
"676";5966;4;48072;24319;23753
"677";5966;5;28389;13957;14432
"678";5966;6;8729;3241;5488
"679";5970;1;13274;6813;6461
"680";5970;2;24277;12616;11661
"681";5970;3;66789;34871;31918
"682";5970;4;92833;46996;45837
"683";5970;5;60681;28887;31794
"684";5970;6;19090;7408;11682
"685";5974;1;14111;7265;6846
"686";5974;2;27936;14542;13394
"687";5974;3;66540;35544;30996
"688";5974;4;106349;53275;53074
"689";5974;5;65986;31443;34543
"690";5974;6;20863;7813;13050
"691";5978;1;18122;9253;8869
"692";5978;2;34956;18015;16941
"693";5978;3;83629;43549;40080
"694";5978;4;137914;68248;69666
"695";5978;5;92007;42941;49066
"696";5978;6;28263;10345;17918
"697";6411;1;7880;3994;3886
"698";6411;2;13859;7100;6759
"699";6411;3;52066;29032;23034
"700";6411;4;49898;25278;24620
"701";6411;5;27520;12748;14772
"702";6411;6;8655;3287;5368
"703";6412;1;41964;21428;20536
"704";6412;2;68908;35059;33849
"705";6412;3;214657;106014;108643
"706";6412;4;280645;143565;137080
"707";6412;5;121943;57573;64370
"708";6412;6;35263;13163;22100
"709";6413;1;7592;3899;3693
"710";6413;2;12942;6573;6369
"711";6413;3;35782;18015;17767
"712";6413;4;45593;23327;22266
"713";6413;5;21960;10340;11620
"714";6413;6;6411;2449;3962
"715";6414;1;15051;7710;7341
"716";6414;2;26752;13727;13025
"717";6414;3;67169;33074;34095
"718";6414;4;97093;46834;50259
"719";6414;5;54720;24958;29762
"720";6414;6;17689;6801;10888
"721";6431;1;12596;6412;6184
"722";6431;2;23775;12181;11594
"723";6431;3;56955;30077;26878
"724";6431;4;96563;47996;48567
"725";6431;5;62178;29785;32393
"726";6431;6;18273;7157;11116
"727";6432;1;14618;7430;7188
"728";6432;2;27860;14297;13563
"729";6432;3;64948;34291;30657
"730";6432;4;107516;53572;53944
"731";6432;5;64904;31140;33764
"732";6432;6;17998;7316;10682
"733";6433;1;14831;7691;7140
"734";6433;2;26607;13561;13046
"735";6433;3;65220;34165;31055
"736";6433;4;99027;50533;48494
"737";6433;5;53972;25585;28387
"738";6433;6;16069;6548;9521
"739";6434;1;11090;5742;5348
"740";6434;2;24224;12466;11758
"741";6434;3;46056;24046;22010
"742";6434;4;86632;42046;44586
"743";6434;5;51308;23842;27466
"744";6434;6;17604;7001;10603
"745";6435;1;20189;10464;9725
"746";6435;2;38435;19789;18646
"747";6435;3;92231;47952;44279
"748";6435;4;149556;74455;75101
"749";6435;5;92950;43970;48980
"750";6435;6;27191;10803;16388
"751";6436;1;11930;6079;5851
"752";6436;2;24180;12478;11702
"753";6436;3;48946;25351;23595
"754";6436;4;88395;43591;44804
"755";6436;5;48971;22664;26307
"756";6436;6;16136;6657;9479
"757";6437;1;4201;2213;1988
"758";6437;2;8264;4170;4094
"759";6437;3;20262;10683;9579
"760";6437;4;33401;16611;16790
"761";6437;5;23459;11410;12049
"762";6437;6;7116;2768;4348
"763";6438;1;18295;9436;8859
"764";6438;2;33787;17460;16327
"765";6438;3;78092;40531;37561
"766";6438;4;127127;63273;63854
"767";6438;5;75308;35365;39943
"768";6438;6;23204;9314;13890
"769";6439;1;8262;4263;3999
"770";6439;2;16823;8665;8158
"771";6439;3;37925;19919;18006
"772";6439;4;67506;33186;34320
"773";6439;5;43595;20714;22881
"774";6439;6;13049;5278;7771
"775";6440;1;14421;7343;7078
"776";6440;2;28757;14805;13952
"777";6440;3;66744;35109;31635
"778";6440;4;111701;55435;56266
"779";6440;5;66710;32153;34557
"780";6440;6;20006;7624;12382
"781";6531;1;12882;6666;6216
"782";6531;2;22699;11615;11084
"783";6531;3;77598;39166;38432
"784";6531;4;87225;43580;43645
"785";6531;5;54115;25825;28290
"786";6531;6;16169;6333;9836
"787";6532;1;11734;6041;5693
"788";6532;2;22961;11911;11050
"789";6532;3;55574;29044;26530
"790";6532;4;88340;43991;44349
"791";6532;5;56845;27147;29698
"792";6532;6;17865;6769;11096
"793";6533;1;7729;3950;3779
"794";6533;2;15491;7963;7528
"795";6533;3;37993;20038;17955
"796";6533;4;60749;30467;30282
"797";6533;5;38531;18623;19908
"798";6533;6;11419;4378;7041
"799";6534;1;10875;5578;5297
"800";6534;2;21634;11060;10574
"801";6534;3;68085;34364;33721
"802";6534;4;81391;40851;40540
"803";6534;5;49523;23758;25765
"804";6534;6;15576;6008;9568
"805";6535;1;4306;2178;2128
"806";6535;2;8713;4470;4243
"807";6535;3;20993;11315;9678
"808";6535;4;36781;18523;18258
"809";6535;5;26179;12972;13207
"810";6535;6;8671;3403;5268
"811";6611;1;10018;5140;4878
"812";6611;2;17098;8908;8190
"813";6611;3;59006;30861;28145
"814";6611;4;64312;31899;32413
"815";6611;5;39079;17967;21112
"816";6611;6;12624;4544;8080
"817";6631;1;10592;5455;5137
"818";6631;2;20365;10395;9970
"819";6631;3;53110;27803;25307
"820";6631;4;76332;38402;37930
"821";6631;5;46775;22575;24200
"822";6631;6;15971;6152;9819
"823";6632;1;5449;2831;2618
"824";6632;2;10675;5544;5131
"825";6632;3;25236;13502;11734
"826";6632;4;41164;20947;20217
"827";6632;5;28793;13973;14820
"828";6632;6;9402;3715;5687
"829";6633;1;10405;5334;5071
"830";6633;2;20321;10483;9838
"831";6633;3;46759;24405;22354
"832";6633;4;82439;40798;41641
"833";6633;5;58642;28040;30602
"834";6633;6;18198;7093;11105
"835";6634;1;7576;3902;3674
"836";6634;2;15557;7967;7590
"837";6634;3;37162;19955;17207
"838";6634;4;63472;32267;31205
"839";6634;5;42614;20745;21869
"840";6634;6;13292;5105;8187
"841";6635;1;6908;3565;3343
"842";6635;2;13893;7145;6748
"843";6635;3;32741;17667;15074
"844";6635;4;54415;27244;27171
"845";6635;5;36598;17715;18883
"846";6635;6;11851;4565;7286
"847";6636;1;4111;2193;1918
"848";6636;2;8098;4101;3997
"849";6636;3;20740;11143;9597
"850";6636;4;33890;16927;16963
"851";6636;5;25453;12305;13148
"852";6636;6;8337;3187;5150
"853";7111;1;5130;2636;2494
"854";7111;2;8989;4629;4360
"855";7111;3;32464;16648;15816
"856";7111;4;35749;18057;17692
"857";7111;5;23252;10704;12548
"858";7111;6;8468;3080;5388
"859";7131;1;5798;3022;2776
"860";7131;2;10837;5518;5319
"861";7131;3;26935;14142;12793
"862";7131;4;44436;22000;22436
"863";7131;5;31564;15180;16384
"864";7131;6;10516;4171;6345
"865";7132;1;6001;3113;2888
"866";7132;2;11641;5982;5659
"867";7132;3;27736;14577;13159
"868";7132;4;44824;22534;22290
"869";7132;5;29524;14247;15277
"870";7132;6;9079;3429;5650
"871";7133;1;7229;3656;3573
"872";7133;2;14089;7268;6821
"873";7133;3;32994;17038;15956
"874";7133;4;54791;26999;27792
"875";7133;5;37843;18010;19833
"876";7133;6;11399;4416;6983
"877";7134;1;3729;1897;1832
"878";7134;2;6726;3452;3274
"879";7134;3;17175;9177;7998
"880";7134;4;27042;13541;13501
"881";7134;5;19767;9538;10229
"882";7134;6;6512;2506;4006
"883";7135;1;2513;1288;1225
"884";7135;2;4956;2600;2356
"885";7135;3;12567;6747;5820
"886";7135;4;21348;10787;10561
"887";7135;5;15088;7491;7597
"888";7135;6;4903;1847;3056
"889";7137;1;10199;5203;4996
"890";7137;2;18868;9613;9255
"891";7137;3;46501;24273;22228
"892";7137;4;75345;37513;37832
"893";7137;5;48773;23534;25239
"894";7137;6;14748;5753;8995
"895";7138;1;8889;4558;4331
"896";7138;2;16733;8600;8133
"897";7138;3;39588;20641;18947
"898";7138;4;63025;31222;31803
"899";7138;5;41593;20034;21559
"900";7138;6;12983;5049;7934
"901";7140;1;4690;2463;2227
"902";7140;2;8890;4576;4314
"903";7140;3;21581;11461;10120
"904";7140;4;36204;17997;18207
"905";7140;5;24426;12038;12388
"906";7140;6;7372;2844;4528
"907";7141;1;5468;2760;2708
"908";7141;2;10643;5407;5236
"909";7141;3;24989;13065;11924
"910";7141;4;42962;21521;21441
"911";7141;5;29428;14177;15251
"912";7141;6;8807;3587;5220
"913";7143;1;9457;4902;4555
"914";7143;2;18406;9429;8977
"915";7143;3;43602;22745;20857
"916";7143;4;72465;36426;36039
"917";7143;5;44546;21582;22964
"918";7143;6;13428;5155;8273
"919";7211;1;4840;2552;2288
"920";7211;2;8595;4539;4056
"921";7211;3;36102;18357;17745
"922";7211;4;35637;18193;17444
"923";7211;5;19704;9116;10588
"924";7211;6;6650;2296;4354
"925";7231;1;5174;2667;2507
"926";7231;2;9804;5012;4792
"927";7231;3;23370;12337;11033
"928";7231;4;39607;20131;19476
"929";7231;5;26137;12905;13232
"930";7231;6;8391;3271;5120
"931";7232;1;4933;2545;2388
"932";7232;2;8993;4705;4288
"933";7232;3;21951;11557;10394
"934";7232;4;35140;17883;17257
"935";7232;5;21520;10728;10792
"936";7232;6;6521;2451;4070
"937";7233;1;2463;1276;1187
"938";7233;2;5050;2595;2455
"939";7233;3;12518;6726;5792
"940";7233;4;20657;10321;10336
"941";7233;5;15242;7592;7650
"942";7233;6;4716;1931;2785
"943";7235;1;6954;3538;3416
"944";7235;2;14213;7247;6966
"945";7235;3;30824;15947;14877
"946";7235;4;54912;27459;27453
"947";7235;5;32636;15991;16645
"948";7235;6;9859;3696;6163
"949";7311;1;2519;1294;1225
"950";7311;2;4429;2313;2116
"951";7311;3;11090;5694;5396
"952";7311;4;16291;8180;8111
"953";7311;5;10601;4756;5845
"954";7311;6;3832;1466;2366
"955";7312;1;4670;2365;2305
"956";7312;2;7796;4045;3751
"957";7312;3;29899;16954;12945
"958";7312;4;30804;15414;15390
"959";7312;5;20531;9365;11166
"960";7312;6;6330;2360;3970
"961";7313;1;2105;1118;987
"962";7313;2;3766;1891;1875
"963";7313;3;13831;6421;7410
"964";7313;4;15072;7510;7562
"965";7313;5;9196;4299;4897
"966";7313;6;2911;1035;1876
"967";7314;1;9643;4923;4720
"968";7314;2;17079;8809;8270
"969";7314;3;43845;23113;20732
"970";7314;4;59153;30587;28566
"971";7314;5;31893;14975;16918
"972";7314;6;10640;4079;6561
"973";7315;1;10097;5172;4925
"974";7315;2;17192;9039;8153
"975";7315;3;70862;34508;36354
"976";7315;4;70469;35531;34938
"977";7315;5;37713;17423;20290
"978";7315;6;12245;4714;7531
"979";7316;1;2506;1272;1234
"980";7316;2;4536;2328;2208
"981";7316;3;11301;5927;5374
"982";7316;4;17749;8804;8945
"983";7316;5;12731;5965;6766
"984";7316;6;4441;1729;2712
"985";7317;1;1780;921;859
"986";7317;2;3333;1752;1581
"987";7317;3;8780;4595;4185
"988";7317;4;12895;6445;6450
"989";7317;5;9876;4676;5200
"990";7317;6;3567;1296;2271
"991";7318;1;2287;1209;1078
"992";7318;2;4402;2285;2117
"993";7318;3;11123;5730;5393
"994";7318;4;17506;8631;8875
"995";7318;5;11557;5258;6299
"996";7318;6;3686;1342;2344
"997";7319;1;4350;2202;2148
"998";7319;2;7795;4015;3780
"999";7319;3;20419;10717;9702
"1000";7319;4;28059;14206;13853
"1001";7319;5;17553;8116;9437
"1002";7319;6;5366;1982;3384
"1003";7320;1;1488;762;726
"1004";7320;2;2905;1461;1444
"1005";7320;3;8059;4368;3691
"1006";7320;4;11206;5668;5538
"1007";7320;5;7953;3688;4265
"1008";7320;6;2582;996;1586
"1009";7331;1;6377;3161;3216
"1010";7331;2;12002;6167;5835
"1011";7331;3;27697;14509;13188
"1012";7331;4;46962;23434;23528
"1013";7331;5;29226;14318;14908
"1014";7331;6;7423;2893;4530
"1015";7332;1;5764;2896;2868
"1016";7332;2;11214;5849;5365
"1017";7332;3;25367;13158;12209
"1018";7332;4;47334;23228;24106
"1019";7332;5;33254;15842;17412
"1020";7332;6;9738;3898;5840
"1021";7333;1;3431;1737;1694
"1022";7333;2;6796;3455;3341
"1023";7333;3;15613;8168;7445
"1024";7333;4;26755;13302;13453
"1025";7333;5;17753;8763;8990
"1026";7333;6;4977;1906;3071
"1027";7334;1;6326;3276;3050
"1028";7334;2;11939;6183;5756
"1029";7334;3;28709;14923;13786
"1030";7334;4;46533;23460;23073
"1031";7334;5;27704;13427;14277
"1032";7334;6;7802;3008;4794
"1033";7335;1;5769;2936;2833
"1034";7335;2;9816;5069;4747
"1035";7335;3;22174;11431;10743
"1036";7335;4;36607;18002;18605
"1037";7335;5;24471;11918;12553
"1038";7335;6;7142;2722;4420
"1039";7336;1;3155;1638;1517
"1040";7336;2;5820;2946;2874
"1041";7336;3;14025;7363;6662
"1042";7336;4;24154;12087;12067
"1043";7336;5;17783;8762;9021
"1044";7336;6;5282;2078;3204
"1045";7337;1;4865;2512;2353
"1046";7337;2;9513;4917;4596
"1047";7337;3;21816;11280;10536
"1048";7337;4;39712;19656;20056
"1049";7337;5;26807;12971;13836
"1050";7337;6;7808;3083;4725
"1051";7338;1;7761;4086;3675
"1052";7338;2;13941;7199;6742
"1053";7338;3;30850;15999;14851
"1054";7338;4;55430;27508;27922
"1055";7338;5;35507;16959;18548
"1056";7338;6;11120;4573;6547
"1057";7339;1;10153;5270;4883
"1058";7339;2;20329;10499;9830
"1059";7339;3;42927;22203;20724
"1060";7339;4;78098;38470;39628
"1061";7339;5;47047;22716;24331
"1062";7339;6;12863;5119;7744
"1063";7340;1;3752;1926;1826
"1064";7340;2;7337;3682;3655
"1065";7340;3;18194;9567;8627
"1066";7340;4;33279;16490;16789
"1067";7340;5;24344;11912;12432
"1068";7340;6;7925;3176;4749
"1069";8111;1;30277;15545;14732
"1070";8111;2;52401;26812;25589
"1071";8111;3;186375;96158;90217
"1072";8111;4;220342;113723;106619
"1073";8111;5;108142;50719;57423
"1074";8111;6;38374;14837;23537
"1075";8115;1;21121;10758;10363
"1076";8115;2;37809;19432;18377
"1077";8115;3;91621;47847;43774
"1078";8115;4;138865;70089;68776
"1079";8115;5;78526;37177;41349
"1080";8115;6;24865;10194;14671
"1081";8116;1;25938;13312;12626
"1082";8116;2;48869;25093;23776
"1083";8116;3;127142;67520;59622
"1084";8116;4;189650;96343;93307
"1085";8116;5;107941;50834;57107
"1086";8116;6;35484;14232;21252
"1087";8117;1;12631;6449;6182
"1088";8117;2;23688;12013;11675
"1089";8117;3;58557;31071;27486
"1090";8117;4;89872;45605;44267
"1091";8117;5;55376;26310;29066
"1092";8117;6;18021;7201;10820
"1093";8118;1;28421;14619;13802
"1094";8118;2;51737;26439;25298
"1095";8118;3;127555;66440;61115
"1096";8118;4;194679;98599;96080
"1097";8118;5;108528;50960;57568
"1098";8118;6;34503;13742;20761
"1099";8119;1;21042;10824;10218
"1100";8119;2;39459;20226;19233
"1101";8119;3;96852;50462;46390
"1102";8119;4;151312;75957;75355
"1103";8119;5;89421;42315;47106
"1104";8119;6;29162;11611;17551
"1105";8121;1;6615;3376;3239
"1106";8121;2;11897;6146;5751
"1107";8121;3;33848;18347;15501
"1108";8121;4;42296;21931;20365
"1109";8121;5;23792;10950;12842
"1110";8121;6;8144;3052;5092
"1111";8125;1;17716;9222;8494
"1112";8125;2;32444;16616;15828
"1113";8125;3;79932;42067;37865
"1114";8125;4;124376;63395;60981
"1115";8125;5;69677;33617;36060
"1116";8125;6;20311;8077;12234
"1117";8126;1;5549;2788;2761
"1118";8126;2;10503;5450;5053
"1119";8126;3;26881;14383;12498
"1120";8126;4;39646;20298;19348
"1121";8126;5;23070;11228;11842
"1122";8126;6;7006;2725;4281
"1123";8127;1;10166;5234;4932
"1124";8127;2;18774;9511;9263
"1125";8127;3;46773;24866;21907
"1126";8127;4;68881;35241;33640
"1127";8127;5;40455;19509;20946
"1128";8127;6;11712;4359;7353
"1129";8128;1;6103;3162;2941
"1130";8128;2;11595;5924;5671
"1131";8128;3;29027;15494;13533
"1132";8128;4;45649;22939;22710
"1133";8128;5;30494;14808;15686
"1134";8128;6;9531;3665;5866
"1135";8135;1;6351;3165;3186
"1136";8135;2;12434;6361;6073
"1137";8135;3;30265;16174;14091
"1138";8135;4;45560;23111;22449
"1139";8135;5;28360;13513;14847
"1140";8135;6;9807;3765;6042
"1141";8136;1;14941;7600;7341
"1142";8136;2;29105;14944;14161
"1143";8136;3;74238;38890;35348
"1144";8136;4;108937;55243;53694
"1145";8136;5;66302;31889;34413
"1146";8136;6;20502;7898;12604
"1147";8211;1;2327;1215;1112
"1148";8211;2;4336;2315;2021
"1149";8211;3;11349;5918;5431
"1150";8211;4;18959;9200;9759
"1151";8211;5;13312;5965;7347
"1152";8211;6;4902;1909;2993
"1153";8212;1;13501;6826;6675
"1154";8212;2;24051;12507;11544
"1155";8212;3;96210;54181;42029
"1156";8212;4;103188;53129;50059
"1157";8212;5;55986;26045;29941
"1158";8212;6;19124;7199;11925
"1159";8215;1;20805;10600;10205
"1160";8215;2;40718;21053;19665
"1161";8215;3;98037;52212;45825
"1162";8215;4;159688;80249;79439
"1163";8215;5;96324;45973;50351
"1164";8215;6;29529;11598;17931
"1165";8216;1;10771;5568;5203
"1166";8216;2;20526;10574;9952
"1167";8216;3;50351;26386;23965
"1168";8216;4;82392;41490;40902
"1169";8216;5;51304;24689;26615
"1170";8216;6;16076;6234;9842
"1171";8221;1;7651;3931;3720
"1172";8221;2;12234;6209;6025
"1173";8221;3;56430;27108;29322
"1174";8221;4;50483;25219;25264
"1175";8221;5;26094;11976;14118
"1176";8221;6;8593;3195;5398
"1177";8222;1;15008;7713;7295
"1178";8222;2;25378;13211;12167
"1179";8222;3;90495;46870;43625
"1180";8222;4;105056;54148;50908
"1181";8222;5;56575;26152;30423
"1182";8222;6;18146;6913;11233
"1183";8225;1;6590;3429;3161
"1184";8225;2;12650;6478;6172
"1185";8225;3;31813;17321;14492
"1186";8225;4;50278;25351;24927
"1187";8225;5;32605;15821;16784
"1188";8225;6;9697;3786;5911
"1189";8226;1;26484;13642;12842
"1190";8226;2;50723;26223;24500
"1191";8226;3;119416;62081;57335
"1192";8226;4;195186;96702;98484
"1193";8226;5;120243;56718;63525
"1194";8226;6;36303;14349;21954
"1195";8231;1;6919;3420;3499
"1196";8231;2;12063;6196;5867
"1197";8231;3;32774;17241;15533
"1198";8231;4;41226;20937;20289
"1199";8231;5;24351;11056;13295
"1200";8231;6;8624;3148;5476
"1201";8235;1;7685;3999;3686
"1202";8235;2;14880;7789;7091
"1203";8235;3;35780;19037;16743
"1204";8235;4;56031;28360;27671
"1205";8235;5;34153;16526;17627
"1206";8235;6;10672;4139;6533
"1207";8236;1;9770;4946;4824
"1208";8236;2;18333;9490;8843
"1209";8236;3;43796;23067;20729
"1210";8236;4;71053;35621;35432
"1211";8236;5;43119;20674;22445
"1212";8236;6;13485;5274;8211
"1213";8237;1;5616;2830;2786
"1214";8237;2;10972;5659;5313
"1215";8237;3;26952;14397;12555
"1216";8237;4;41606;20944;20662
"1217";8237;5;25137;12243;12894
"1218";8237;6;7960;3009;4951
"1219";8311;1;11580;5955;5625
"1220";8311;2;19423;9838;9585
"1221";8311;3;75858;35858;40000
"1222";8311;4;73364;36396;36968
"1223";8311;5;38754;17799;20955
"1224";8311;6;12216;4487;7729
"1225";8315;1;13023;6736;6287
"1226";8315;2;24980;12803;12177
"1227";8315;3;57703;30239;27464
"1228";8315;4;91353;45074;46279
"1229";8315;5;58575;27805;30770
"1230";8315;6;17967;7297;10670
"1231";8316;1;8237;4186;4051
"1232";8316;2;15671;8078;7593
"1233";8316;3;36337;19107;17230
"1234";8316;4;58890;29234;29656
"1235";8316;5;36529;17457;19072
"1236";8316;6;10744;4182;6562
"1237";8317;1;21255;10806;10449
"1238";8317;2;40539;20740;19799
"1239";8317;3;97963;51656;46307
"1240";8317;4;149809;75773;74036
"1241";8317;5;92015;44435;47580
"1242";8317;6;29372;11410;17962
"1243";8325;1;7017;3626;3391
"1244";8325;2;13275;6865;6410
"1245";8325;3;31767;16694;15073
"1246";8325;4;48487;24659;23828
"1247";8325;5;29790;14407;15383
"1248";8325;6;9542;3753;5789
"1249";8326;1;10360;5208;5152
"1250";8326;2;19360;9906;9454
"1251";8326;3;49100;26002;23098
"1252";8326;4;71187;35884;35303
"1253";8326;5;46648;22217;24431
"1254";8326;6;15851;6177;9674
"1255";8327;1;7415;3716;3699
"1256";8327;2;14224;7285;6939
"1257";8327;3;33792;17982;15810
"1258";8327;4;48292;24789;23503
"1259";8327;5;27908;13414;14494
"1260";8327;6;9135;3661;5474
"1261";8335;1;13609;6972;6637
"1262";8335;2;25450;12898;12552
"1263";8335;3;72567;37188;35379
"1264";8335;4;95970;46890;49080
"1265";8335;5;59233;27807;31426
"1266";8335;6;19476;7582;11894
"1267";8336;1;11417;5827;5590
"1268";8336;2;22176;11344;10832
"1269";8336;3;51034;26405;24629
"1270";8336;4;81260;39869;41391
"1271";8336;5;47707;22710;24997
"1272";8336;6;15142;5892;9250
"1273";8337;1;8373;4323;4050
"1274";8337;2;16859;8624;8235
"1275";8337;3;38092;19942;18150
"1276";8337;4;58853;29412;29441
"1277";8337;5;37318;17921;19397
"1278";8337;6;11508;4606;6902
"1279";8415;1;14389;7412;6977
"1280";8415;2;26908;13815;13093
"1281";8415;3;66385;34795;31590
"1282";8415;4;100381;50376;50005
"1283";8415;5;59367;28186;31181
"1284";8415;6;19604;7697;11907
"1285";8416;1;11517;5947;5570
"1286";8416;2;20500;10432;10068
"1287";8416;3;67359;33015;34344
"1288";8416;4;74689;37162;37527
"1289";8416;5;42186;20204;21982
"1290";8416;6;12427;4744;7683
"1291";8417;1;8629;4347;4282
"1292";8417;2;16886;8648;8238
"1293";8417;3;42280;22447;19833
"1294";8417;4;65775;33175;32600
"1295";8417;5;41760;19975;21785
"1296";8417;6;14033;5329;8704
"1297";8421;1;6143;3171;2972
"1298";8421;2;11233;5730;5503
"1299";8421;3;37545;19617;17928
"1300";8421;4;41501;21150;20351
"1301";8421;5;22949;10401;12548
"1302";8421;6;7419;2844;4575
"1303";8425;1;10187;5214;4973
"1304";8425;2;19357;9908;9449
"1305";8425;3;46286;24614;21672
"1306";8425;4;69568;35613;33955
"1307";8425;5;39521;19336;20185
"1308";8425;6;12157;4795;7362
"1309";8426;1;10918;5571;5347
"1310";8426;2;20194;10359;9835
"1311";8426;3;47873;25201;22672
"1312";8426;4;70915;36185;34730
"1313";8426;5;39644;19486;20158
"1314";8426;6;11738;4588;7150
"1315";8435;1;10308;5273;5035
"1316";8435;2;19600;10008;9592
"1317";8435;3;48384;25211;23173
"1318";8435;4;74946;37357;37589
"1319";8435;5;49071;23120;25951
"1320";8435;6;15161;6283;8878
"1321";8436;1;14387;7381;7006
"1322";8436;2;27005;13932;13073
"1323";8436;3;69383;36460;32923
"1324";8436;4;98817;49628;49189
"1325";8436;5;58282;28007;30275
"1326";8436;6;17550;6926;10624
"1327";8437;1;6302;3195;3107
"1328";8437;2;12245;6311;5934
"1329";8437;3;30631;16397;14234
"1330";8437;4;45382;22888;22494
"1331";8437;5;27726;13465;14261
"1332";8437;6;8563;3317;5246
"1333";9161;1;7348;3738;3610
"1334";9161;2;12189;6350;5839
"1335";9161;3;36946;19894;17052
"1336";9161;4;47433;24497;22936
"1337";9161;5;25341;11849;13492
"1338";9161;6;8135;3143;4992
"1339";9162;1;79289;40323;38966
"1340";9162;2;123455;63153;60302
"1341";9162;3;428500;214001;214499
"1342";9162;4;520908;260534;260374
"1343";9162;5;252625;114931;137694
"1344";9162;6;79449;30721;48728
"1345";9163;1;3173;1683;1490
"1346";9163;2;5529;2790;2739
"1347";9163;3;16846;8837;8009
"1348";9163;4;21721;10985;10736
"1349";9163;5;12485;5679;6806
"1350";9163;6;3797;1383;2414
"1351";9171;1;5560;2817;2743
"1352";9171;2;10171;5214;4957
"1353";9171;3;24674;12989;11685
"1354";9171;4;38826;19765;19061
"1355";9171;5;24596;11534;13062
"1356";9171;6;7689;2886;4803
"1357";9172;1;4870;2522;2348
"1358";9172;2;8863;4574;4289
"1359";9172;3;24213;12791;11422
"1360";9172;4;35989;18029;17960
"1361";9172;5;23999;11167;12832
"1362";9172;6;7995;3070;4925
"1363";9173;1;6413;3299;3114
"1364";9173;2;11873;6200;5673
"1365";9173;3;28089;14631;13458
"1366";9173;4;45644;22666;22978
"1367";9173;5;27330;12936;14394
"1368";9173;6;8568;3432;5136
"1369";9174;1;8110;4094;4016
"1370";9174;2;14813;7657;7156
"1371";9174;3;35923;18835;17088
"1372";9174;4;57706;29166;28540
"1373";9174;5;29629;14312;15317
"1374";9174;6;8718;3460;5258
"1375";9175;1;7339;3752;3587
"1376";9175;2;14993;7762;7231
"1377";9175;3;31943;16851;15092
"1378";9175;4;54073;27167;26906
"1379";9175;5;26881;12823;14058
"1380";9175;6;8420;3451;4969
"1381";9176;1;7521;3779;3742
"1382";9176;2;13271;6837;6434
"1383";9176;3;31932;16844;15088
"1384";9176;4;47849;24711;23138
"1385";9176;5;24991;12423;12568
"1386";9176;6;7317;2924;4393
"1387";9177;1;7095;3668;3427
"1388";9177;2;13322;6886;6436
"1389";9177;3;32571;16929;15642
"1390";9177;4;52900;26936;25964
"1391";9177;5;25339;12418;12921
"1392";9177;6;6955;2792;4163
"1393";9178;1;9347;4825;4522
"1394";9178;2;16896;8730;8166
"1395";9178;3;47364;25233;22131
"1396";9178;4;67183;34880;32303
"1397";9178;5;30829;15069;15760
"1398";9178;6;8388;3370;5018
"1399";9179;1;10914;5593;5321
"1400";9179;2;21333;10937;10396
"1401";9179;3;47747;24821;22926
"1402";9179;4;78793;39361;39432
"1403";9179;5;45874;21106;24768
"1404";9179;6;14650;5984;8666
"1405";9180;1;3944;2038;1906
"1406";9180;2;7216;3738;3478
"1407";9180;3;18951;9964;8987
"1408";9180;4;30268;14757;15511
"1409";9180;5;20791;9555;11236
"1410";9180;6;7254;2864;4390
"1411";9181;1;5814;2954;2860
"1412";9181;2;11596;5888;5708
"1413";9181;3;26575;14245;12330
"1414";9181;4;44110;21954;22156
"1415";9181;5;25061;12120;12941
"1416";9181;6;7146;2905;4241
"1417";9182;1;4678;2394;2284
"1418";9182;2;9053;4693;4360
"1419";9182;3;21101;11045;10056
"1420";9182;4;36111;17768;18343
"1421";9182;5;21994;10250;11744
"1422";9182;6;7073;2849;4224
"1423";9183;1;5732;3008;2724
"1424";9183;2;10807;5656;5151
"1425";9183;3;26957;14382;12575
"1426";9183;4;41159;21239;19920
"1427";9183;5;24455;11840;12615
"1428";9183;6;6762;2593;4169
"1429";9184;1;17221;8791;8430
"1430";9184;2;35989;18473;17516
"1431";9184;3;79064;42341;36723
"1432";9184;4;127041;63487;63554
"1433";9184;5;68324;31738;36586
"1434";9184;6;22834;9606;13228
"1435";9185;1;4953;2492;2461
"1436";9185;2;9360;4777;4583
"1437";9185;3;22414;11795;10619
"1438";9185;4;35147;18054;17093
"1439";9185;5;19834;9659;10175
"1440";9185;6;5595;2154;3441
"1441";9186;1;6798;3526;3272
"1442";9186;2;12140;6192;5948
"1443";9186;3;29980;15914;14066
"1444";9186;4;47303;24492;22811
"1445";9186;5;25051;12227;12824
"1446";9186;6;6955;2816;4139
"1447";9187;1;12589;6517;6072
"1448";9187;2;24148;12454;11694
"1449";9187;3;57885;30517;27368
"1450";9187;4;92745;45960;46785
"1451";9187;5;57382;27319;30063
"1452";9187;6;16581;6632;9949
"1453";9188;1;6275;3215;3060
"1454";9188;2;13824;7044;6780
"1455";9188;3;27433;14263;13170
"1456";9188;4;49023;23694;25329
"1457";9188;5;30237;13898;16339
"1458";9188;6;9875;4151;5724
"1459";9189;1;8217;4214;4003
"1460";9189;2;15656;7931;7725
"1461";9189;3;39329;20713;18616
"1462";9189;4;61317;30658;30659
"1463";9189;5;40204;19011;21193
"1464";9189;6;12596;5087;7509
"1465";9190;1;6632;3387;3245
"1466";9190;2;12806;6548;6258
"1467";9190;3;29502;15518;13984
"1468";9190;4;47671;23634;24037
"1469";9190;5;29794;14398;15396
"1470";9190;6;9073;3757;5316
"1471";9261;1;3437;1722;1715
"1472";9261;2;6190;3160;3030
"1473";9261;3;19121;9955;9166
"1474";9261;4;25371;12850;12521
"1475";9261;5;14495;6492;8003
"1476";9261;6;4797;1773;3024
"1477";9262;1;2079;1040;1039
"1478";9262;2;3668;1835;1833
"1479";9262;3;16576;8487;8089
"1480";9262;4;15973;8075;7898
"1481";9262;5;11052;4940;6112
"1482";9262;6;3455;1236;2219
"1483";9263;1;2064;1047;1017
"1484";9263;2;3780;1980;1800
"1485";9263;3;11769;6389;5380
"1486";9263;4;16686;8731;7955
"1487";9263;5;10358;4840;5518
"1488";9263;6;3134;1101;2033
"1489";9271;1;5244;2675;2569
"1490";9271;2;10191;5211;4980
"1491";9271;3;28269;15053;13216
"1492";9271;4;42402;21481;20921
"1493";9271;5;26176;12561;13615
"1494";9271;6;7196;2669;4527
"1495";9272;1;3304;1651;1653
"1496";9272;2;6259;3266;2993
"1497";9272;3;17095;8922;8173
"1498";9272;4;27856;13997;13859
"1499";9272;5;18861;9408;9453
"1500";9272;6;4987;1819;3168
"1501";9273;1;6197;3207;2990
"1502";9273;2;11776;6054;5722
"1503";9273;3;29164;15575;13589
"1504";9273;4;44539;23022;21517
"1505";9273;5;24528;12014;12514
"1506";9273;6;6854;2640;4214
"1507";9274;1;8154;4158;3996
"1508";9274;2;15490;8003;7487
"1509";9274;3;35928;19000;16928
"1510";9274;4;59287;30342;28945
"1511";9274;5;32478;16048;16430
"1512";9274;6;8558;3362;5196
"1513";9275;1;8294;4252;4042
"1514";9275;2;16612;8541;8071
"1515";9275;3;41791;21871;19920
"1516";9275;4;68286;34559;33727
"1517";9275;5;45211;21847;23364
"1518";9275;6;12462;4657;7805
"1519";9276;1;3418;1754;1664
"1520";9276;2;6355;3341;3014
"1521";9276;3;17033;9060;7973
"1522";9276;4;26975;13580;13395
"1523";9276;5;18463;9039;9424
"1524";9276;6;5166;1845;3321
"1525";9277;1;5532;2913;2619
"1526";9277;2;10651;5440;5211
"1527";9277;3;27751;14722;13029
"1528";9277;4;42573;21718;20855
"1529";9277;5;26893;13018;13875
"1530";9277;6;8102;3109;4993
"1531";9278;1;4891;2509;2382
"1532";9278;2;9372;4761;4611
"1533";9278;3;22496;11885;10611
"1534";9278;4;37010;18855;18155
"1535";9278;5;21556;10616;10940
"1536";9278;6;5795;2137;3658
"1537";9279;1;4674;2399;2275
"1538";9279;2;8563;4428;4135
"1539";9279;3;22972;12466;10506
"1540";9279;4;34918;18220;16698
"1541";9279;5;19990;9891;10099
"1542";9279;6;5566;2176;3390
"1543";9361;1;1822;907;915
"1544";9361;2;3428;1790;1638
"1545";9361;3;9884;5342;4542
"1546";9361;4;14121;7182;6939
"1547";9361;5;9590;4420;5170
"1548";9361;6;3362;1175;2187
"1549";9362;1;7114;3656;3458
"1550";9362;2;11854;6049;5805
"1551";9362;3;49733;24854;24879
"1552";9362;4;49991;24982;25009
"1553";9362;5;25967;11755;14212
"1554";9362;6;8435;3020;5415
"1555";9363;1;1904;970;934
"1556";9363;2;3386;1719;1667
"1557";9363;3;10266;5411;4855
"1558";9363;4;14377;7046;7331
"1559";9363;5;9556;4333;5223
"1560";9363;6;3254;1173;2081
"1561";9371;1;4804;2439;2365
"1562";9371;2;8669;4463;4206
"1563";9371;3;22657;11973;10684
"1564";9371;4;36846;18712;18134
"1565";9371;5;23023;11331;11692
"1566";9371;6;7050;2716;4334
"1567";9372;1;5736;2951;2785
"1568";9372;2;10953;5582;5371
"1569";9372;3;28535;15016;13519
"1570";9372;4;45439;23234;22205
"1571";9372;5;29005;14388;14617
"1572";9372;6;8330;3118;5212
"1573";9373;1;6682;3463;3219
"1574";9373;2;12356;6332;6024
"1575";9373;3;31174;16550;14624
"1576";9373;4;48885;25141;23744
"1577";9373;5;27625;13630;13995
"1578";9373;6;7851;2942;4909
"1579";9374;1;4536;2296;2240
"1580";9374;2;7981;4121;3860
"1581";9374;3;20719;10785;9934
"1582";9374;4;33928;17111;16817
"1583";9374;5;21159;10445;10714
"1584";9374;6;6127;2303;3824
"1585";9375;1;9600;4848;4752
"1586";9375;2;18268;9479;8789
"1587";9375;3;42447;22301;20146
"1588";9375;4;71700;36169;35531
"1589";9375;5;41339;20180;21159
"1590";9375;6;10716;4208;6508
"1591";9376;1;6864;3561;3303
"1592";9376;2;12736;6476;6260
"1593";9376;3;33731;17897;15834
"1594";9376;4;53297;27340;25957
"1595";9376;5;31793;15591;16202
"1596";9376;6;9451;3450;6001
"1597";9377;1;3086;1577;1509
"1598";9377;2;5929;3012;2917
"1599";9377;3;15396;8187;7209
"1600";9377;4;25395;12895;12500
"1601";9377;5;17007;8290;8717
"1602";9377;6;5233;1930;3303
"1603";9461;1;3715;1911;1804
"1604";9461;2;5830;2955;2875
"1605";9461;3;23639;11775;11864
"1606";9461;4;24667;12310;12357
"1607";9461;5;14502;6607;7895
"1608";9461;6;5020;1738;3282
"1609";9462;1;2896;1469;1427
"1610";9462;2;5156;2617;2539
"1611";9462;3;23765;12500;11265
"1612";9462;4;22370;11195;11175
"1613";9462;5;15469;6962;8507
"1614";9462;6;5127;1796;3331
"1615";9463;1;1701;887;814
"1616";9463;2;3150;1580;1570
"1617";9463;3;10239;5472;4767
"1618";9463;4;13372;6639;6733
"1619";9463;5;9323;4259;5064
"1620";9463;6;3287;1205;2082
"1621";9464;1;2209;1127;1082
"1622";9464;2;3824;1940;1884
"1623";9464;3;10750;5647;5103
"1624";9464;4;14816;7370;7446
"1625";9464;5;10676;4810;5866
"1626";9464;6;3550;1201;2349
"1627";9471;1;7310;3675;3635
"1628";9471;2;13459;6905;6554
"1629";9471;3;32449;17015;15434
"1630";9471;4;54610;27630;26980
"1631";9471;5;30931;15354;15577
"1632";9471;6;8404;3161;5243
"1633";9472;1;4451;2285;2166
"1634";9472;2;9054;4678;4376
"1635";9472;3;20963;10845;10118
"1636";9472;4;37772;18991;18781
"1637";9472;5;24189;11885;12304
"1638";9472;6;7235;2677;4558
"1639";9473;1;3841;1975;1866
"1640";9473;2;7290;3783;3507
"1641";9473;3;17693;9300;8393
"1642";9473;4;30920;15488;15432
"1643";9473;5;20513;9861;10652
"1644";9473;6;6490;2429;4061
"1645";9474;1;5561;2831;2730
"1646";9474;2;10581;5331;5250
"1647";9474;3;25031;13083;11948
"1648";9474;4;42310;21212;21098
"1649";9474;5;25474;12492;12982
"1650";9474;6;7246;2822;4424
"1651";9475;1;3694;1847;1847
"1652";9475;2;7446;3814;3632
"1653";9475;3;18323;9605;8718
"1654";9475;4;33143;16599;16544
"1655";9475;5;23862;11445;12417
"1656";9475;6;8333;3149;5184
"1657";9476;1;2457;1239;1218
"1658";9476;2;5058;2571;2487
"1659";9476;3;13213;6956;6257
"1660";9476;4;24231;12307;11924
"1661";9476;5;16400;7961;8439
"1662";9476;6;5384;1953;3431
"1663";9477;1;2747;1415;1332
"1664";9477;2;5652;2912;2740
"1665";9477;3;14403;7698;6705
"1666";9477;4;25634;12845;12789
"1667";9477;5;17580;8427;9153
"1668";9477;6;5550;1947;3603
"1669";9478;1;2890;1497;1393
"1670";9478;2;5546;2793;2753
"1671";9478;3;14057;7330;6727
"1672";9478;4;23797;11993;11804
"1673";9478;5;15644;7573;8071
"1674";9478;6;4842;1779;3063
"1675";9479;1;3007;1560;1447
"1676";9479;2;5690;2973;2717
"1677";9479;3;14183;7444;6739
"1678";9479;4;24771;12345;12426
"1679";9479;5;18737;8906;9831
"1680";9479;6;6267;2218;4049
"1681";9561;1;2161;1074;1087
"1682";9561;2;3699;1852;1847
"1683";9561;3;10065;5180;4885
"1684";9561;4;14064;6850;7214
"1685";9561;5;8921;4023;4898
"1686";9561;6;2888;1043;1845
"1687";9562;1;5400;2769;2631
"1688";9562;2;9512;4883;4629
"1689";9562;3;35417;18510;16907
"1690";9562;4;36317;18376;17941
"1691";9562;5;19191;8910;10281
"1692";9562;6;6691;2565;4126
"1693";9563;1;6690;3389;3301
"1694";9563;2;10847;5705;5142
"1695";9563;3;31853;16534;15319
"1696";9563;4;47335;23495;23840
"1697";9563;5;24819;11445;13374
"1698";9563;6;6953;2483;4470
"1699";9564;1;25696;13222;12474
"1700";9564;2;44169;22765;21404
"1701";9564;3;137016;69911;67105
"1702";9564;4;177215;88866;88349
"1703";9564;5;100777;46018;54759
"1704";9564;6;33497;12353;21144
"1705";9565;1;2072;1052;1020
"1706";9565;2;3769;1952;1817
"1707";9565;3;8880;4582;4298
"1708";9565;4;14688;7318;7370
"1709";9565;5;8834;4121;4713
"1710";9565;6;2738;1043;1695
"1711";9571;1;9148;4657;4491
"1712";9571;2;16913;8764;8149
"1713";9571;3;42003;22279;19724
"1714";9571;4;65746;33408;32338
"1715";9571;5;38890;19188;19702
"1716";9571;6;11891;4540;7351
"1717";9572;1;7028;3663;3365
"1718";9572;2;13449;6908;6541
"1719";9572;3;28487;14697;13790
"1720";9572;4;50039;25015;25024
"1721";9572;5;30241;14703;15538
"1722";9572;6;8018;3259;4759
"1723";9573;1;5890;2999;2891
"1724";9573;2;10502;5376;5126
"1725";9573;3;23448;11883;11565
"1726";9573;4;42496;20800;21696
"1727";9573;5;27253;12968;14285
"1728";9573;6;8264;3174;5090
"1729";9574;1;8077;4128;3949
"1730";9574;2;15191;7953;7238
"1731";9574;3;35129;18183;16946
"1732";9574;4;61854;30838;31016
"1733";9574;5;38880;18453;20427
"1734";9574;6;11661;4642;7019
"1735";9575;1;4867;2470;2397
"1736";9575;2;9063;4693;4370
"1737";9575;3;22287;11809;10478
"1738";9575;4;36094;18193;17901
"1739";9575;5;22144;10933;11211
"1740";9575;6;6559;2523;4036
"1741";9576;1;6187;3262;2925
"1742";9576;2;11451;5852;5599
"1743";9576;3;27250;14117;13133
"1744";9576;4;45982;23143;22839
"1745";9576;5;27822;13399;14423
"1746";9576;6;8057;3179;4878
"1747";9577;1;4620;2332;2288
"1748";9577;2;8393;4377;4016
"1749";9577;3;21041;11124;9917
"1750";9577;4;32873;16710;16163
"1751";9577;5;21224;10239;10985
"1752";9577;6;6583;2523;4060
"1753";9661;1;3396;1793;1603
"1754";9661;2;6012;3060;2952
"1755";9661;3;17334;9005;8329
"1756";9661;4;24657;12260;12397
"1757";9661;5;15011;6856;8155
"1758";9661;6;4592;1667;2925
"1759";9662;1;2564;1322;1242
"1760";9662;2;4683;2366;2317
"1761";9662;3;13076;7124;5952
"1762";9662;4;16779;8368;8411
"1763";9662;5;11990;5398;6592
"1764";9662;6;4334;1591;2743
"1765";9663;1;5379;2691;2688
"1766";9663;2;8237;4213;4024
"1767";9663;3;43894;21416;22478
"1768";9663;4;37617;19048;18569
"1769";9663;5;23696;10560;13136
"1770";9663;6;9111;3203;5908
"1771";9671;1;8123;4177;3946
"1772";9671;2;15228;7797;7431
"1773";9671;3;36806;19208;17598
"1774";9671;4;63132;31316;31816
"1775";9671;5;39101;19191;19910
"1776";9671;6;11810;4768;7042
"1777";9672;1;4413;2271;2142
"1778";9672;2;8559;4297;4262
"1779";9672;3;21051;10957;10094
"1780";9672;4;35544;17868;17676
"1781";9672;5;25274;12236;13038
"1782";9672;6;8394;3231;5163
"1783";9673;1;3639;1855;1784
"1784";9673;2;7030;3609;3421
"1785";9673;3;17083;8935;8148
"1786";9673;4;27729;13854;13875
"1787";9673;5;18359;9123;9236
"1788";9673;6;5795;2270;3525
"1789";9674;1;3906;1994;1912
"1790";9674;2;7434;3837;3597
"1791";9674;3;18235;9582;8653
"1792";9674;4;30232;15295;14937
"1793";9674;5;19209;9548;9661
"1794";9674;6;5368;2053;3315
"1795";9675;1;4374;2270;2104
"1796";9675;2;7884;4034;3850
"1797";9675;3;20609;10924;9685
"1798";9675;4;32613;16526;16087
"1799";9675;5;19640;9778;9862
"1800";9675;6;6035;2330;3705
"1801";9676;1;5898;3011;2887
"1802";9676;2;11468;5880;5588
"1803";9676;3;27815;14578;13237
"1804";9676;4;46380;23224;23156
"1805";9676;5;28525;13944;14581
"1806";9676;6;8657;3468;5189
"1807";9677;1;5545;2835;2710
"1808";9677;2;10380;5281;5099
"1809";9677;3;26105;13862;12243
"1810";9677;4;44735;22551;22184
"1811";9677;5;29984;14767;15217
"1812";9677;6;9409;3655;5754
"1813";9678;1;5545;2896;2649
"1814";9678;2;10038;5279;4759
"1815";9678;3;25134;13155;11979
"1816";9678;4;40516;20556;19960
"1817";9678;5;26233;12856;13377
"1818";9678;6;7979;3272;4707
"1819";9679;1;8001;4103;3898
"1820";9679;2;14545;7468;7077
"1821";9679;3;35025;18254;16771
"1822";9679;4;57486;28678;28808
"1823";9679;5;36902;17918;18984
"1824";9679;6;10343;4311;6032
"1825";9761;1;14299;7337;6962
"1826";9761;2;24019;12360;11659
"1827";9761;3;84583;43521;41062
"1828";9761;4;99180;50833;48347
"1829";9761;5;55740;25303;30437
"1830";9761;6;18761;6868;11893
"1831";9762;1;2226;1163;1063
"1832";9762;2;3894;1933;1961
"1833";9762;3;10323;5441;4882
"1834";9762;4;14824;7487;7337
"1835";9762;5;9817;4584;5233
"1836";9762;6;3314;1264;2050
"1837";9763;1;3372;1702;1670
"1838";9763;2;5600;2944;2656
"1839";9763;3;18163;9576;8587
"1840";9763;4;22359;11344;11015
"1841";9763;5;14773;6745;8028
"1842";9763;6;4884;1908;2976
"1843";9764;1;2122;1075;1047
"1844";9764;2;3881;1934;1947
"1845";9764;3;10482;5542;4940
"1846";9764;4;15115;7802;7313
"1847";9764;5;9453;4370;5083
"1848";9764;6;3047;1169;1878
"1849";9771;1;7128;3647;3481
"1850";9771;2;12949;6595;6354
"1851";9771;3;29762;15438;14324
"1852";9771;4;48980;24789;24191
"1853";9771;5;27831;13505;14326
"1854";9771;6;8005;3187;4818
"1855";9772;1;13177;6735;6442
"1856";9772;2;24058;12385;11673
"1857";9772;3;55340;28768;26572
"1858";9772;4;91323;45875;45448
"1859";9772;5;54057;25905;28152
"1860";9772;6;15513;6093;9420
"1861";9773;1;4696;2415;2281
"1862";9773;2;8926;4602;4324
"1863";9773;3;22201;11723;10478
"1864";9773;4;34142;17369;16773
"1865";9773;5;20492;9990;10502
"1866";9773;6;6105;2342;3763
"1867";9774;1;6284;3286;2998
"1868";9774;2;11689;6045;5644
"1869";9774;3;30065;16082;13983
"1870";9774;4;45401;23140;22261
"1871";9774;5;26155;12899;13256
"1872";9774;6;7433;2836;4597
"1873";9775;1;8796;4549;4247
"1874";9775;2;16126;8113;8013
"1875";9775;3;41609;21628;19981
"1876";9775;4;61598;31072;30526
"1877";9775;5;36344;17307;19037
"1878";9775;6;10731;4170;6561
"1879";9776;1;3846;1968;1878
"1880";9776;2;7156;3676;3480
"1881";9776;3;17934;9430;8504
"1882";9776;4;28960;14349;14611
"1883";9776;5;18128;8653;9475
"1884";9776;6;5957;2362;3595
"1885";9777;1;7230;3726;3504
"1886";9777;2;13175;6678;6497
"1887";9777;3;31675;16669;15006
"1888";9777;4;49530;24815;24715
"1889";9777;5;30722;14991;15731
"1890";9777;6;8850;3628;5222
"1891";9778;1;7360;3694;3666
"1892";9778;2;13369;6904;6465
"1893";9778;3;33203;17689;15514
"1894";9778;4;50985;26227;24758
"1895";9778;5;30843;14946;15897
"1896";9778;6;9581;3769;5812
"1897";9779;1;6400;3328;3072
"1898";9779;2;12460;6385;6075
"1899";9779;3;30976;16556;14420
"1900";9779;4;47800;24686;23114
"1901";9779;5;27780;13677;14103
"1902";9779;6;8367;3228;5139
"1903";9780;1;7638;3885;3753
"1904";9780;2;13540;7010;6530
"1905";9780;3;33692;17571;16121
"1906";9780;4;54797;27084;27713
"1907";9780;5;35458;16882;18576
"1908";9780;6;10883;4458;6425
"1909";10041;1;14363;7391;6972
"1910";10041;2;26365;13745;12620
"1911";10041;3;78612;41070;37542
"1912";10041;4;108636;54424;54212
"1913";10041;5;76734;36176;40558
"1914";10041;6;24004;8811;15193
"1915";10042;1;4066;2116;1950
"1916";10042;2;8668;4527;4141
"1917";10042;3;21284;11149;10135
"1918";10042;4;36843;18389;18454
"1919";10042;5;24843;12054;12789
"1920";10042;6;7539;2797;4742
"1921";10043;1;5373;2794;2579
"1922";10043;2;10373;5341;5032
"1923";10043;3;27081;14189;12892
"1924";10043;4;45304;22635;22669
"1925";10043;5;32894;15728;17166
"1926";10043;6;10383;3853;6530
"1927";10044;1;8285;4257;4028
"1928";10044;2;15864;8128;7736
"1929";10044;3;40511;21258;19253
"1930";10044;4;66547;32979;33568
"1931";10044;5;48092;22882;25210
"1932";10044;6;15020;5634;9386
"1933";10045;1;5700;2897;2803
"1934";10045;2;11383;5892;5491
"1935";10045;3;29284;15108;14176
"1936";10045;4;48135;23676;24459
"1937";10045;5;35705;16977;18728
"1938";10045;6;11989;4570;7419
"1939";10046;1;3247;1619;1628
"1940";10046;2;6728;3394;3334
"1941";10046;3;17137;9038;8099
"1942";10046;4;30517;15165;15352
"1943";10046;5;22518;11071;11447
"1944";10046;6;6860;2685;4175
"1945";11000;1;193234;99279;93955
"1946";11000;2;326311;167594;158717
"1947";11000;3;964109;485142;478967
"1948";11000;4;1276145;648688;627457
"1949";11000;5;698465;324028;374437
"1950";11000;6;211227;79542;131685
"1951";12051;1;3083;1542;1541
"1952";12051;2;5788;2944;2844
"1953";12051;3;14032;7531;6501
"1954";12051;4;23818;12410;11408
"1955";12051;5;18663;8634;10029
"1956";12051;6;6800;2516;4284
"1957";12052;1;4276;2164;2112
"1958";12052;2;7994;4105;3889
"1959";12052;3;21509;11509;10000
"1960";12052;4;32465;16600;15865
"1961";12052;5;24937;11250;13687
"1962";12052;6;8497;3188;5309
"1963";12053;1;2289;1228;1061
"1964";12053;2;4679;2392;2287
"1965";12053;3;11858;6132;5726
"1966";12053;4;18825;9517;9308
"1967";12053;5;15124;7040;8084
"1968";12053;6;4976;1790;3186
"1969";12054;1;9749;5008;4741
"1970";12054;2;17679;9159;8520
"1971";12054;3;44577;21940;22637
"1972";12054;4;62572;31144;31428
"1973";12054;5;33986;15508;18478
"1974";12054;6;11771;4399;7372
"1975";12060;1;8123;4223;3900
"1976";12060;2;17505;9099;8406
"1977";12060;3;31663;16379;15284
"1978";12060;4;68626;34734;33892
"1979";12060;5;46209;22269;23940
"1980";12060;6;13118;5108;8010
"1981";12061;1;7792;4004;3788
"1982";12061;2;15413;7935;7478
"1983";12061;3;29550;15397;14153
"1984";12061;4;63166;32204;30962
"1985";12061;5;41403;19977;21426
"1986";12061;6;13467;5289;8178
"1987";12062;1;3927;2078;1849
"1988";12062;2;8011;4026;3985
"1989";12062;3;15411;8282;7129
"1990";12062;4;36060;18844;17216
"1991";12062;5;29105;13844;15261
"1992";12062;6;9313;3398;5915
"1993";12063;1;7081;3587;3494
"1994";12063;2;15601;8020;7581
"1995";12063;3;28998;15199;13799
"1996";12063;4;61772;31036;30736
"1997";12063;5;38564;18532;20032
"1998";12063;6;10980;4173;6807
"1999";12064;1;8400;4326;4074
"2000";12064;2;18176;9437;8739
"2001";12064;3;30929;15956;14973
"2002";12064;4;73913;37590;36323
"2003";12064;5;49139;23921;25218
"2004";12064;6;15194;5856;9338
"2005";12065;1;9232;4718;4514
"2006";12065;2;19978;10251;9727
"2007";12065;3;37125;19245;17880
"2008";12065;4;80715;40491;40224
"2009";12065;5;50607;24402;26205
"2010";12065;6;15257;5842;9415
"2011";12066;1;4238;2188;2050
"2012";12066;2;8622;4386;4236
"2013";12066;3;17129;9191;7938
"2014";12066;4;38143;20023;18120
"2015";12066;5;30911;14232;16679
"2016";12066;6;10328;3704;6624
"2017";12067;1;7515;3883;3632
"2018";12067;2;15555;7894;7661
"2019";12067;3;28289;14675;13614
"2020";12067;4;63809;32291;31518
"2021";12067;5;48239;23030;25209
"2022";12067;6;15396;5843;9553
"2023";12068;1;4008;2079;1929
"2024";12068;2;8332;4371;3961
"2025";12068;3;16463;8681;7782
"2026";12068;4;35118;18063;17055
"2027";12068;5;26968;13032;13936
"2028";12068;6;7972;2918;5054
"2029";12069;1;9383;4807;4576
"2030";12069;2;21670;11077;10593
"2031";12069;3;35604;18469;17135
"2032";12069;4;83103;41710;41393
"2033";12069;5;51963;25420;26543
"2034";12069;6;14843;5751;9092
"2035";12070;1;2916;1480;1436
"2036";12070;2;5866;2981;2885
"2037";12070;3;12422;6818;5604
"2038";12070;4;26281;13655;12626
"2039";12070;5;21588;10234;11354
"2040";12070;6;7085;2633;4452
"2041";12071;1;4292;2178;2114
"2042";12071;2;9284;4765;4519
"2043";12071;3;15920;8411;7509
"2044";12071;4;40956;20978;19978
"2045";12071;5;33381;15955;17426
"2046";12071;6;9887;3592;6295
"2047";12072;1;7911;4033;3878
"2048";12072;2;15690;8053;7637
"2049";12072;3;31536;16647;14889
"2050";12072;4;63541;32646;30895
"2051";12072;5;39370;18967;20403
"2052";12072;6;11949;4450;7499
"2053";12073;1;4498;2359;2139
"2054";12073;2;9841;5097;4744
"2055";12073;3;18718;9852;8866
"2056";12073;4;41226;20947;20279
"2057";12073;5;34151;16248;17903
"2058";12073;6;10513;3912;6601
"2059";13003;1;9235;4699;4536
"2060";13003;2;15928;8092;7836
"2061";13003;3;55404;29066;26338
"2062";13003;4;64828;34013;30815
"2063";13003;5;46670;20846;25824
"2064";13003;6;17126;6385;10741
"2065";13004;1;4464;2261;2203
"2066";13004;2;8305;4257;4048
"2067";13004;3;20319;10517;9802
"2068";13004;4;30745;15468;15277
"2069";13004;5;23577;10547;13030
"2070";13004;6;8243;2907;5336
"2071";13071;1;10211;5212;4999
"2072";13071;2;22258;11399;10859
"2073";13071;3;43430;22871;20559
"2074";13071;4;90073;45977;44096
"2075";13071;5;70766;33563;37203
"2076";13071;6;21336;7538;13798
"2077";13072;1;9570;4889;4681
"2078";13072;2;20342;10385;9957
"2079";13072;3;34772;18115;16657
"2080";13072;4;79734;41168;38566
"2081";13072;5;55987;27063;28924
"2082";13072;6;15389;5740;9649
"2083";13073;1;8587;4376;4211
"2084";13073;2;18929;9666;9263
"2085";13073;3;38091;19956;18135
"2086";13073;4;79407;40628;38779
"2087";13073;5;60983;28921;32062
"2088";13073;6;18705;6891;11814
"2089";13074;1;6854;3534;3320
"2090";13074;2;13976;7177;6799
"2091";13074;3;28640;15032;13608
"2092";13074;4;56890;29428;27462
"2093";13074;5;39462;18974;20488
"2094";13074;6;11500;4149;7351
"2095";13075;1;9552;4863;4689
"2096";13075;2;19810;10170;9640
"2097";13075;3;45094;22773;22321
"2098";13075;4;79757;40803;38954
"2099";13075;5;62252;29816;32436
"2100";13075;6;19158;6849;12309
"2101";13076;1;9018;4610;4408
"2102";13076;2;18543;9418;9125
"2103";13076;3;35734;18875;16859
"2104";13076;4;77768;40290;37478
"2105";13076;5;55489;27043;28446
"2106";13076;6;15227;5392;9835
"2107";14511;1;11427;5843;5584
"2108";14511;2;20414;10542;9872
"2109";14511;3;53655;29222;24433
"2110";14511;4;76096;39776;36320
"2111";14511;5;62793;28374;34419
"2112";14511;6;21949;8053;13896
"2113";14521;1;13454;6816;6638
"2114";14521;2;29456;15182;14274
"2115";14521;3;51850;27390;24460
"2116";14521;4;111700;57658;54042
"2117";14521;5;97914;46088;51826
"2118";14521;6;30574;10751;19823
"2119";14522;1;12498;6430;6068
"2120";14522;2;26343;13509;12834
"2121";14522;3;51167;27843;23324
"2122";14522;4;103044;53916;49128
"2123";14522;5;83068;39368;43700
"2124";14522;6;27979;10268;17711
"2125";14523;1;8712;4467;4245
"2126";14523;2;18327;9562;8765
"2127";14523;3;35778;19004;16774
"2128";14523;4;75937;39296;36641
"2129";14523;5;65559;30188;35371
"2130";14523;6;21684;7752;13932
"2131";14524;1;12662;6554;6108
"2132";14524;2;26077;13357;12720
"2133";14524;3;52540;27691;24849
"2134";14524;4;105694;54587;51107
"2135";14524;5;88468;41009;47459
"2136";14524;6;29561;10465;19096
"2137";14612;1;29658;15227;14431
"2138";14612;2;51935;26708;25227
"2139";14612;3;148323;78874;69449
"2140";14612;4;175921;91265;84656
"2141";14612;5;109387;49397;59990
"2142";14612;6;41556;16141;25415
"2143";14625;1;12995;6648;6347
"2144";14625;2;27522;14049;13473
"2145";14625;3;46285;24483;21802
"2146";14625;4;104593;54409;50184
"2147";14625;5;80743;38250;42493
"2148";14625;6;27620;10245;17375
"2149";14626;1;9935;5033;4902
"2150";14626;2;21846;11088;10758
"2151";14626;3;39452;20480;18972
"2152";14626;4;84118;43684;40434
"2153";14626;5;72502;34285;38217
"2154";14626;6;24872;9198;15674
"2155";14627;1;10303;5175;5128
"2156";14627;2;22306;11499;10807
"2157";14627;3;37965;19817;18148
"2158";14627;4;84906;44176;40730
"2159";14627;5;63925;30012;33913
"2160";14627;6;22312;8318;13994
"2161";14628;1;11047;5765;5282
"2162";14628;2;23410;12091;11319
"2163";14628;3;39650;20605;19045
"2164";14628;4;85059;44078;40981
"2165";14628;5;64330;30394;33936
"2166";14628;6;22090;8321;13769
"2167";14713;1;31764;16448;15316
"2168";14713;2;50974;26008;24966
"2169";14713;3;171004;85290;85714
"2170";14713;4;188265;98907;89358
"2171";14713;5;110384;49725;60659
"2172";14713;6;40754;15072;25682
"2173";14729;1;11286;5672;5614
"2174";14729;2;23658;12224;11434
"2175";14729;3;40234;20719;19515
"2176";14729;4;93143;47858;45285
"2177";14729;5;68375;32157;36218
"2178";14729;6;21443;7836;13607
"2179";14730;1;8681;4496;4185
"2180";14730;2;17392;8892;8500
"2181";14730;3;32412;17255;15157
"2182";14730;4;71342;37032;34310
"2183";14730;5;51551;24520;27031
"2184";14730;6;16363;5935;10428
"2185";15001;1;3004;1565;1439
"2186";15001;2;5978;3139;2839
"2187";15001;3;13140;6851;6289
"2188";15001;4;26052;13308;12744
"2189";15001;5;23571;10864;12707
"2190";15001;6;8358;3167;5191
"2191";15002;1;11526;5984;5542
"2192";15002;2;20575;10585;9990
"2193";15002;3;61479;30947;30532
"2194";15002;4;72927;37552;35375
"2195";15002;5;54242;24038;30204
"2196";15002;6;18013;6446;11567
"2197";15003;1;11075;5692;5383
"2198";15003;2;19691;10196;9495
"2199";15003;3;59628;32475;27153
"2200";15003;4;74127;38038;36089
"2201";15003;5;54468;24245;30223
"2202";15003;6;18576;6745;11831
"2203";15081;1;3471;1754;1717
"2204";15081;2;7412;3840;3572
"2205";15081;3;14127;7476;6651
"2206";15081;4;30113;15768;14345
"2207";15081;5;21494;10294;11200
"2208";15081;6;6556;2296;4260
"2209";15082;1;6026;3053;2973
"2210";15082;2;12413;6343;6070
"2211";15082;3;25492;13525;11967
"2212";15082;4;55806;28801;27005
"2213";15082;5;45057;20997;24060
"2214";15082;6;13692;4905;8787
"2215";15083;1;7219;3640;3579
"2216";15083;2;15309;7888;7421
"2217";15083;3;28676;15129;13547
"2218";15083;4;63459;32949;30510
"2219";15083;5;44149;21329;22820
"2220";15083;6;12111;4289;7822
"2221";15084;1;7093;3682;3411
"2222";15084;2;14194;7370;6824
"2223";15084;3;29299;15856;13443
"2224";15084;4;62237;32594;29643
"2225";15084;5;49690;23367;26323
"2226";15084;6;16333;5789;10544
"2227";15085;1;7980;4057;3923
"2228";15085;2;16803;8739;8064
"2229";15085;3;35466;19020;16446
"2230";15085;4;74249;38122;36127
"2231";15085;5;60389;28220;32169
"2232";15085;6;18423;6554;11869
"2233";15086;1;3757;1908;1849
"2234";15086;2;7551;3817;3734
"2235";15086;3;14205;7670;6535
"2236";15086;4;32606;17000;15606
"2237";15086;5;24255;11647;12608
"2238";15086;6;7215;2558;4657
"2239";15087;1;4709;2393;2316
"2240";15087;2;10566;5422;5144
"2241";15087;3;20536;11005;9531
"2242";15087;4;46451;23992;22459
"2243";15087;5;40156;18964;21192
"2244";15087;6;12524;4509;8015
"2245";15088;1;7600;3851;3749
"2246";15088;2;16121;8268;7853
"2247";15088;3;30185;15816;14369
"2248";15088;4;66614;34410;32204
"2249";15088;5;49633;23518;26115
"2250";15088;6;13662;4930;8732
"2251";15089;1;7217;3720;3497
"2252";15089;2;15153;7770;7383
"2253";15089;3;31501;16652;14849
"2254";15089;4;65888;33962;31926
"2255";15089;5;52986;24546;28440
"2256";15089;6;16380;5713;10667
"2257";15090;1;4398;2273;2125
"2258";15090;2;9349;4714;4635
"2259";15090;3;19223;10256;8967
"2260";15090;4;39168;20130;19038
"2261";15090;5;30088;14279;15809
"2262";15090;6;8964;3217;5747
"2263";15091;1;4681;2435;2246
"2264";15091;2;9909;5043;4866
"2265";15091;3;19500;10530;8970
"2266";15091;4;43420;22385;21035
"2267";15091;5;36086;16943;19143
"2268";15091;6;11357;4133;7224
"2269";16051;1;10246;5129;5117
"2270";16051;2;18714;9552;9162
"2271";16051;3;52208;25980;26228
"2272";16051;4;70598;36192;34406
"2273";16051;5;47870;21894;25976
"2274";16051;6;14345;5297;9048
"2275";16052;1;3897;1999;1898
"2276";16052;2;7534;3898;3636
"2277";16052;3;16467;8455;8012
"2278";16052;4;29813;15298;14515
"2279";16052;5;26621;12156;14465
"2280";16052;6;8793;3139;5654
"2281";16053;1;5355;2723;2632
"2282";16053;2;9543;4905;4638
"2283";16053;3;33455;17556;15899
"2284";16053;4;33145;17339;15806
"2285";16053;5;22301;10177;12124
"2286";16053;6;7544;2928;4616
"2287";16054;1;1262;653;609
"2288";16054;2;2583;1344;1239
"2289";16054;3;5989;3262;2727
"2290";16054;4;11833;6072;5761
"2291";16054;5;11706;5349;6357
"2292";16054;6;3416;1329;2087
"2293";16055;1;3097;1552;1545
"2294";16055;2;6013;3107;2906
"2295";16055;3;15672;7967;7705
"2296";16055;4;21259;10680;10579
"2297";16055;5;14377;6504;7873
"2298";16055;6;4810;1739;3071
"2299";16056;1;1881;1002;879
"2300";16056;2;3574;1903;1671
"2301";16056;3;8185;4394;3791
"2302";16056;4;14503;7474;7029
"2303";16056;5;10467;4742;5725
"2304";16056;6;3640;1318;2322
"2305";16061;1;4888;2497;2391
"2306";16061;2;9566;4852;4714
"2307";16061;3;18050;9533;8517
"2308";16061;4;35305;18407;16898
"2309";16061;5;25270;12322;12948
"2310";16061;6;6927;2608;4319
"2311";16062;1;3507;1824;1683
"2312";16062;2;7092;3667;3425
"2313";16062;3;15625;8403;7222
"2314";16062;4;28083;14431;13652
"2315";16062;5;22291;10532;11759
"2316";16062;6;6818;2537;4281
"2317";16063;1;4930;2562;2368
"2318";16063;2;10230;5324;4906
"2319";16063;3;19822;10507;9315
"2320";16063;4;42674;22131;20543
"2321";16063;5;31960;15463;16497
"2322";16063;6;9358;3586;5772
"2323";16064;1;4542;2302;2240
"2324";16064;2;9277;4799;4478
"2325";16064;3;17822;9377;8445
"2326";16064;4;35775;18520;17255
"2327";16064;5;26768;12833;13935
"2328";16064;6;8048;2944;5104
"2329";16065;1;2803;1459;1344
"2330";16065;2;6066;3171;2895
"2331";16065;3;12066;6481;5585
"2332";16065;4;25794;13345;12449
"2333";16065;5;21447;10175;11272
"2334";16065;6;6036;2234;3802
"2335";16066;1;4969;2546;2423
"2336";16066;2;10341;5356;4985
"2337";16066;3;21523;11749;9774
"2338";16066;4;43881;22788;21093
"2339";16066;5;34060;16141;17919
"2340";16066;6;10142;3866;6276
"2341";16067;1;5717;2917;2800
"2342";16067;2;11686;5936;5750
"2343";16067;3;24273;12917;11356
"2344";16067;4;47925;24910;23015
"2345";16067;5;35092;16624;18468
"2346";16067;6;10215;3854;6361
"2347";16068;1;3009;1585;1424
"2348";16068;2;6226;3253;2973
"2349";16068;3;11505;6053;5452
"2350";16068;4;25273;13145;12128
"2351";16068;5;18736;8983;9753
"2352";16068;6;4678;1641;3037
"2353";16069;1;2567;1283;1284
"2354";16069;2;5253;2669;2584
"2355";16069;3;10860;5870;4990
"2356";16069;4;22948;12066;10882
"2357";16069;5;16668;8027;8641
"2358";16069;6;4901;1709;3192
"2359";16070;1;4472;2302;2170
"2360";16070;2;8997;4667;4330
"2361";16070;3;20609;11626;8983
"2362";16070;4;36119;18801;17318
"2363";16070;5;27770;13015;14755
"2364";16070;6;8282;3035;5247
"2365";16071;1;3699;1874;1825
"2366";16071;2;7955;3985;3970
"2367";16071;3;13611;6954;6657
"2368";16071;4;29896;15438;14458
"2369";16071;5;21547;10473;11074
"2370";16071;6;5448;2000;3448
"2371";16072;1;2032;1026;1006
"2372";16072;2;4399;2257;2142
"2373";16072;3;9417;5039;4378
"2374";16072;4;20471;10661;9810
"2375";16072;5;16135;7562;8573
"2376";16072;6;5263;1846;3417
"2377";16073;1;3987;2082;1905
"2378";16073;2;8032;4095;3937
"2379";16073;3;16133;8677;7456
"2380";16073;4;35548;18456;17092
"2381";16073;5;29651;14033;15618
"2382";16073;6;9848;3495;6353
"2383";16074;1;3398;1709;1689
"2384";16074;2;7280;3741;3539
"2385";16074;3;13670;7184;6486
"2386";16074;4;29728;15426;14302
"2387";16074;5;22639;10816;11823
"2388";16074;6;6235;2386;3849
"2389";16075;1;3191;1647;1544
"2390";16075;2;6772;3474;3298
"2391";16075;3;12970;6928;6042
"2392";16075;4;28382;14838;13544
"2393";16075;5;22173;10595;11578
"2394";16075;6;6824;2408;4416
"2395";16076;1;3603;1865;1738
"2396";16076;2;7881;4118;3763
"2397";16076;3;14002;7477;6525
"2398";16076;4;33832;17482;16350
"2399";16076;5;28824;13632;15192
"2400";16076;6;9256;3347;5909
"2401";16077;1;3286;1681;1605
"2402";16077;2;6964;3486;3478
"2403";16077;3;13334;7047;6287
"2404";16077;4;30553;15949;14604
"2405";16077;5;26601;12462;14139
"2406";16077;6;8655;3177;5478
